word,max dist,sum dist,first-last dist
发展,0.09627461433410645,0.7838027477264404,0.3752050995826721
中国,0.2205052375793457,2.2765204310417175,0.2696259617805481
新,0.13304179906845093,1.7987604141235352,0.29269587993621826
年,0.25542891025543213,2.5885042548179626,0.4959867000579834
建设,0.12786489725112915,1.3915493488311768,0.5088383555412292
中,0.043661653995513916,0.8274986743927002,0.2395244836807251
国家,0.08144813776016235,1.1403113007545471,0.3627287745475769
月,0.34168392419815063,2.1780481934547424,0.3441397547721863
上,0.04752373695373535,0.7824978232383728,0.20615273714065552
工作,0.053224027156829834,0.9130294919013977,0.20760899782180786
推动,0.10150915384292603,2.6537052989006042,0.46323567628860474
经济,0.08305191993713379,1.5696606040000916,0.39220499992370605
人民,0.04461181163787842,0.9780435562133789,0.15540355443954468
推进,0.6816675066947937,7.4120951890945435,0.5002593398094177
企业,0.18244719505310059,2.797921121120453,0.5399178862571716
合作,0.15856486558914185,2.37074077129364,0.3764891028404236
服务,0.10798513889312744,2.5281187295913696,0.47541189193725586
更,0.05805844068527222,1.2232829332351685,0.2569936513900757
文化,0.1663547158241272,2.918646216392517,0.4323055148124695
实现,0.318493127822876,2.435518741607666,0.4625311493873596
说,0.06442505121231079,1.1043723225593567,0.3118787407875061
坚持,0.1735284924507141,2.7399367690086365,0.4717824459075928
重要,0.08821719884872437,1.3197466135025024,0.2522956132888794
时代,0.15992426872253418,3.5622206926345825,0.5236519873142242
党,0.1742340326309204,3.0268754363059998,0.4545938968658447
全面,0.3667704463005066,5.198752403259277,0.6624689996242523
问题,0.04282647371292114,0.9727197289466858,0.24254846572875977
总书记,0.16495466232299805,4.271831512451172,0.7651678025722504
世界,0.09848445653915405,1.8608814477920532,0.31365615129470825
都,0.0425572395324707,0.9446847438812256,0.16954952478408813
日,0.4258493185043335,5.191921412944794,0.35870522260665894
国际,0.13579005002975464,2.577007532119751,0.30355000495910645
大,0.34493017196655273,2.9016286730766296,0.26620185375213623
好,0.09103024005889893,1.3777239322662354,0.24042505025863647
提升,0.5590372383594513,12.168996900320053,0.9003937616944313
加强,0.08073484897613525,1.2420693039894104,0.25330525636672974
不,0.028967082500457764,0.5956332683563232,0.09894633293151855
不断,0.1317804455757141,1.73475581407547,0.5261349976062775
产业,0.6923879683017731,13.237439751625061,0.9462625458836555
社会,0.27953290939331055,2.5825833082199097,0.3200468420982361
持续,0.48104578256607056,8.727605938911438,0.7248865067958832
全球,0.7969685792922974,16.165687203407288,0.6121025085449219
人,0.06662946939468384,1.2553735375404358,0.2770746946334839
项目,0.3936617374420166,5.085905849933624,0.8103762120008469
提供,0.20055609941482544,2.4049904346466064,0.6084952652454376
我国,0.22765368223190308,2.375864267349243,0.5180675387382507
现代化,0.40818434953689575,4.653949022293091,0.7317162454128265
社会主义,0.1871166229248047,2.0444843769073486,0.6791966557502747
安全,0.19281476736068726,3.8044883012771606,0.30025744438171387
开展,0.09413266181945801,1.9366140961647034,0.48762428760528564
群众,0.0569310188293457,1.260506808757782,0.24677765369415283
技术,0.23952025175094604,2.2833645343780518,0.33141887187957764
全国,0.10604166984558105,1.9347037076950073,0.5082947611808777
历史,0.10394203662872314,1.9746906161308289,0.2721540927886963
下,0.07071834802627563,0.8822053670883179,0.213795006275177
促进,0.2993929982185364,3.0798917412757874,0.4944522976875305
后,0.07392513751983643,1.4099116325378418,0.27349382638931274
北京,0.7842134982347488,4.486870244145393,0.7002683579921722
领域,0.43228912353515625,4.667515456676483,0.8266975432634354
特色,0.655762791633606,7.835484504699707,0.9083348214626312
体系,0.5682965517044067,7.385534942150116,0.6987793147563934
支持,0.11145001649856567,2.017451822757721,0.4406920075416565
保护,0.37877559661865234,4.389720797538757,0.4332559108734131
表示,0.08256399631500244,1.460100769996643,0.5227426290512085
成为,0.09265488386154175,1.4405048489570618,0.2503514289855957
还,0.07280135154724121,1.5415807366371155,0.34597110748291016
保障,0.27544164657592773,4.140350937843323,0.4721848964691162
组织,0.23314064741134644,2.1326993107795715,0.2951263189315796
乡村,0.6265215873718262,9.224898934364319,0.6264950931072235
教育,0.15907227993011475,2.5122154355049133,0.285597562789917
增长,0.2382047176361084,2.2946937680244446,0.6182056367397308
政策,0.21449846029281616,2.298437237739563,0.3795435428619385
加快,0.6573949158191681,4.5555223524570465,0.860424280166626
进行,0.0398402214050293,0.8508995175361633,0.2916872501373291
共同,0.10807162523269653,2.536400616168976,0.25271546840667725
思想,0.06096303462982178,1.9476752877235413,0.3823583722114563
制度,0.10796958208084106,2.5696475505828857,0.2731392979621887
精神,0.0890817642211914,2.7242721915245056,0.20994538068771362
实施,0.5228625237941742,8.299150288105011,0.48911356925964355
治理,0.5813396871089935,7.631955027580261,0.8986685946583748
中心,0.26253318786621094,4.977168917655945,0.5748935341835022
地区,0.143521249294281,1.9532831311225891,0.33783793449401855
活动,0.1270856261253357,2.676767110824585,0.6266065835952759
生活,0.09255272150039673,1.7146928906440735,0.22000455856323242
绿色,0.6132804453372955,7.467806279659271,0.7922863513231277
市场,0.1359845995903015,2.8569345474243164,0.34947675466537476
更加,0.07128483057022095,1.6375216245651245,0.24568378925323486
农业,0.11880743503570557,2.543159246444702,0.3251171112060547
提出,0.14221566915512085,2.205580711364746,0.2407212257385254
战略,0.36452460289001465,5.667001724243164,0.42033326625823975
已,0.06495338678359985,1.5687650442123413,0.23102915287017822
今年,0.11105048656463623,1.7877227663993835,0.4897819757461548
生产,0.10528427362442017,1.5105698704719543,0.41107577085494995
时,0.06789559125900269,1.719265341758728,0.20819979906082153
能力,0.25901710987091064,3.3293405175209045,0.43647879362106323
积极,0.10270297527313232,1.6940317749977112,0.34336209297180176
进一步,0.12684011459350586,1.482277750968933,0.36148494482040405
研究,0.10986006259918213,1.9409744143486023,0.27160918712615967
城市,0.18554741144180298,3.8950988054275513,0.30043524503707886
重大,0.10604184865951538,2.2967119216918945,0.4456756114959717
重点,0.34807783365249634,4.897374987602234,0.43876224756240845
方面,0.141354501247406,1.7487933039665222,0.46615326404571533
主席,0.18501067161560059,2.1349357962608337,0.2743353843688965
文明,0.6414051055908203,10.103080838918686,0.7342806160449982
环境,0.40154075622558594,4.665104448795319,0.5409280061721802
政治,0.15138864517211914,2.848084270954132,0.27229148149490356
要求,0.074135422706604,1.8635249733924866,0.42269039154052734
需要,0.11080300807952881,1.7282925844192505,0.2869194746017456
完善,0.4331201910972595,6.351462304592133,0.700614869594574
提高,0.06040847301483154,0.9770841598510742,0.2507782578468323
记者,0.0905185341835022,1.8958051204681396,0.4706270694732666
管理,0.3592892289161682,3.4164414405822754,0.24758553504943848
基础,0.07702428102493286,1.495723843574524,0.1871328353881836
以来,0.07236546277999878,1.988223135471344,0.37428176403045654
改革,0.2717525362968445,4.9066707491874695,0.5066541731357574
数字,0.20138812065124512,5.758772552013397,0.6022695899009705
学习,0.11848783493041992,2.6169756650924683,0.1509050726890564
就业,0.4894260764122009,9.693290650844574,0.5132259726524353
资源,0.35698264837265015,3.4436748027801514,0.5780948102474213
形成,0.14947962760925293,3.426482379436493,0.4413539171218872
作用,0.08995461463928223,1.5597322583198547,0.22294121980667114
解决,0.0817863941192627,1.7022908926010132,0.13722693920135498
产品,0.1913774609565735,2.5844470858573914,0.4678725004196167
投资,0.2935240864753723,3.1682795882225037,0.3635713458061218
部门,0.13591426610946655,1.9277591705322266,0.47698330879211426
深入,0.14990127086639404,3.09321129322052,0.3925161361694336
传统,0.15764057636260986,3.302563726902008,0.5964322984218597
领导,0.10012650489807129,1.6463899612426758,0.2552419900894165
实践,0.35862791538238525,3.8470979928970337,0.5912298560142517
取得,0.11620599031448364,1.4461783170700073,0.4085479974746704
人才,0.8746524006128311,11.977150574326515,0.8281666785478592
最,0.08234739303588867,1.604795217514038,0.15532469749450684
稳定,0.16840428113937378,3.9769296646118164,0.41884374618530273
力量,0.08103716373443604,1.9933989644050598,0.2797859311103821
增强,0.224395751953125,3.02632212638855,0.4111868143081665
发挥,0.11075544357299805,1.9006163477897644,0.4464181661605835
需求,0.6375475823879242,10.971591353416443,0.7069849967956543
一路,0.4215492606163025,9.967092990875244,0.6699646711349487
方式,0.1662958264350891,3.9349578619003296,0.2889637351036072
代表,0.12098425626754761,2.663576900959015,0.30435389280319214
核心,0.3928491473197937,10.411422193050385,0.6495162546634674
强调,0.17094922065734863,3.4909231066703796,0.5239904522895813
介绍,0.17383307218551636,2.9741804003715515,0.7511377930641174
维护,0.21811920404434204,3.396745264530182,0.33930033445358276
会,0.12593001127243042,2.4535223841667175,0.4305448532104492
指出,0.05357283353805542,1.50882226228714,0.26357316970825195
伟大,0.1069256067276001,2.8107452988624573,0.2842755913734436
会议,0.14921903610229492,2.5255898237228394,0.22904688119888306
建立,0.0852765440940857,1.6499736905097961,0.2754665017127991
中华民族,0.600481778383255,13.491832584142685,0.3379964232444763
成果,0.3393968939781189,4.998394668102264,0.45373380184173584
关系,0.09483402967453003,1.8968994617462158,0.2863556146621704
目前,0.11296689510345459,2.0703026056289673,0.5670731663703918
农村,0.1868753433227539,3.2806389331817627,0.4655686616897583
消费,0.6025257408618927,8.718321591615677,0.7013722062110901
健康,0.2914239764213562,4.2648064494133,0.5708202123641968
工程,0.1488403081893921,2.4340558648109436,0.5055168569087982
一带,0.5014151930809021,7.045520544052124,0.8223954141139984
公司,0.16186344623565674,2.2996548414230347,0.31163501739501953
科学,0.24884700775146484,4.079361617565155,0.49130797386169434
单位,0.2208322286605835,2.9005337357521057,0.40226662158966064
情况,0.059778809547424316,1.131224274635315,0.19295328855514526
必须,0.06808429956436157,1.6652286648750305,0.2805110812187195
有效,0.14896726608276367,3.1356687545776367,0.3536664843559265
开放,0.5641461610794067,10.007492244243622,0.7818529456853867
水平,0.11943322420120239,2.0250065326690674,0.4174038767814636
参与,0.44114965200424194,11.036761701107025,0.763279989361763
更好,0.2153623104095459,3.3690012097358704,0.4165060520172119
交流,0.44285839796066284,4.835415720939636,0.7305265665054321
继续,0.331101655960083,3.2077775597572327,0.34472209215164185
具有,0.15656358003616333,1.7523365020751953,0.246748149394989
优势,0.4070965647697449,5.667961299419403,0.5332074761390686
人类,0.24063622951507568,4.02319210767746,0.402244508266449
未来,0.3248651623725891,5.555708527565002,0.5606496930122375
里,0.07256782054901123,1.4915384650230408,0.22798556089401245
任务,0.0748206377029419,1.674147367477417,0.24281162023544312
党中央,0.2969592809677124,5.656983494758606,0.45776039361953735
系统,0.3311372995376587,5.603123128414154,0.5161699950695038
行动,0.1487707495689392,3.4285265803337097,0.5735128223896027
地方,0.30454832315444946,3.8431039452552795,0.47515565156936646
事业,0.11078464984893799,2.1102402806282043,0.32030385732650757
政府,0.1619807481765747,2.661332905292511,0.2568954825401306
目标,0.2446049451828003,4.289741814136505,0.48423928022384644
近年来,0.7682531476020813,10.905186235904694,0.9611000381410122
区域,0.5668648183345795,10.271649986505508,0.620957762002945
村,0.41230523586273193,5.40296471118927,0.33813613653182983
全,0.3134840130805969,5.586348354816437,0.7358458936214447
报告,0.2475982904434204,4.712038278579712,0.31444013118743896
作出,0.3374450206756592,2.729374885559082,0.4603809118270874
做,0.09758132696151733,2.1520886421203613,0.23193508386611938
主要,0.09023123979568481,1.7502765655517578,0.2478734850883484
走,0.5132867395877838,3.190334230661392,0.25259655714035034
努力,0.08819055557250977,2.1031227111816406,0.2636202573776245
没有,0.07313984632492065,1.3804090023040771,0.13504981994628906
做好,0.14832687377929688,3.0062100291252136,0.49776166677474976
坚定,0.1156267523765564,3.1395177245140076,0.3221853971481323
区,0.1640317440032959,4.643739640712738,0.38460808992385864
前,0.11153143644332886,2.4888266921043396,0.26982444524765015
中国共产党,0.15623760223388672,4.4734861850738525,0.25339066982269287
理论,0.3173608183860779,4.177407324314117,0.415605366230011
中央,0.3084378242492676,4.862309455871582,0.5346064865589142
创造,0.1358906626701355,2.469250202178955,0.41519486904144287
出,0.14111000299453735,1.9397228956222534,0.27993786334991455
以上,0.07209384441375732,1.8520584106445312,0.23456108570098877
基本,0.20072966814041138,3.9863253235816956,0.4097607731819153
青年,0.15758466720581055,4.33535099029541,0.3273491859436035
同志,0.09523940086364746,2.6373389959335327,0.31669187545776367
复兴,0.899538516998291,17.80699446797371,0.7220141291618347
时间,0.06437838077545166,1.6384819746017456,0.2373809814453125
完成,0.06221044063568115,1.5508978962898254,0.22977334260940552
机构,0.25199270248413086,4.38682633638382,0.2898278832435608
当地,0.17600184679031372,3.729770004749298,0.4298582673072815
强化,0.8071175962686539,17.731286391615868,0.6223597228527069
村民,0.7974100559949875,17.72413156926632,0.6539887487888336
干部,0.16081523895263672,1.850625991821289,0.2049504518508911
美国,0.08495396375656128,2.34960401058197,0.3550195097923279
民族,0.1714566946029663,2.7136922478675842,0.35310858488082886
综合,0.4633367657661438,7.830312669277191,0.7749598026275635
始终,0.21127843856811523,5.8917396068573,0.42920082807540894
超过,0.11115670204162598,1.9977700114250183,0.33441299200057983
主题,0.4142446517944336,7.531723856925964,0.649811178445816
道路,0.28541767597198486,2.7103800177574158,0.2431911826133728
再,0.29218554496765137,3.4301204085350037,0.2294025421142578
智慧,0.28160297870635986,3.824832260608673,0.5350624620914459
指导,0.15897870063781738,3.455671012401581,0.3304533362388611
学生,0.24566757678985596,3.7364654541015625,0.3218732476234436
和平,0.15587258338928223,2.664150357246399,0.32686442136764526
质量,0.12559998035430908,2.789572775363922,0.3882374167442322
内,0.3247871994972229,2.8963542580604553,0.2929725646972656
挑战,0.5312080681324005,9.335353165864944,0.5988891422748566
集团,0.21787196397781372,4.8938069343566895,0.7685469388961792
家,0.471934974193573,5.610455334186554,0.3597061038017273
高,0.14282763004302979,2.046592593193054,0.38658398389816284
增加,0.05880695581436157,1.356761634349823,0.2593669295310974
倡议,0.7478075623512268,14.513933807611465,0.8163481950759888
各国,0.1537345051765442,2.611531138420105,0.3584427833557129
利用,0.1566731333732605,2.9184510111808777,0.4843263626098633
举办,0.36642372608184814,3.3616872429847717,0.6695050001144409
深刻,0.10460031032562256,2.0521328449249268,0.2599407434463501
人员,0.2641076445579529,3.894707977771759,0.3103550672531128
影响,0.08571517467498779,2.1537488102912903,0.20579218864440918
最大,0.29413753747940063,3.7553451657295227,0.2635565400123596
保持,0.1308732032775879,2.930341064929962,0.3370271921157837
贯彻,0.164867103099823,3.9384366273880005,0.4711672067642212
起来,0.092007577419281,1.7615054249763489,0.22368299961090088
确保,0.5527784526348114,10.420286625623703,0.7001160383224487
金融,0.42337435483932495,9.00558340549469,0.42225754261016846
命运,0.19532990455627441,4.293435513973236,0.5750497877597809
建成,0.7138694226741791,5.458744198083878,0.8400324583053589
正,0.1296268105506897,3.877809464931488,0.32218092679977417
副,0.14901161193847656,2.0976518392562866,0.3148941993713379
行业,0.7289227545261383,6.661005049943924,0.6558955311775208
参加,0.0866045355796814,1.6197385787963867,0.3135643005371094
不同,0.07867425680160522,1.7019680738449097,0.23959732055664062
这是,0.12688887119293213,3.2745346426963806,0.3673916459083557
已经,0.13838016986846924,2.1151928305625916,0.33932197093963623
设计,0.4860982298851013,4.529204249382019,0.5591114163398743
国内,0.2969861626625061,4.373359322547913,0.46668994426727295
关键,0.18745005130767822,5.485380053520203,0.5223928987979889
丰富,0.13653415441513062,2.154835283756256,0.3008040189743042
负责人,0.20087450742721558,2.8329772353172302,0.5753971040248871
两个,0.245347261428833,4.157547831535339,0.4274505376815796
应用,0.367667555809021,5.266330361366272,0.43532097339630127
措施,0.14188933372497559,2.299220561981201,0.473514199256897
协调,0.5113175809383392,9.210954785346985,0.6029542982578278
才能,0.10247284173965454,2.3199784755706787,0.23298543691635132
贡献,0.13012516498565674,1.937828540802002,0.4635944366455078
责任,0.09854179620742798,2.661686062812805,0.3042491674423218
帮助,0.13092923164367676,2.3916189074516296,0.2876635789871216
很,0.059581875801086426,1.1107765436172485,0.11521780490875244
本报,0.2942631244659424,3.902643322944641,0.5199711620807648
上海,0.2117578387260437,4.410838484764099,0.4948514699935913
达,0.09078836441040039,1.8145265579223633,0.25755274295806885
带来,0.2866424322128296,3.178226947784424,0.5032358765602112
获得,0.16700053215026855,2.1552790999412537,0.40623337030410767
专业,0.796720415353775,6.136260360479355,0.7100399136543274
统一,0.37011224031448364,3.9178274273872375,0.3255192041397095
工业,0.10481488704681396,2.928705930709839,0.3706081509590149
近,0.24192851781845093,2.997667610645294,0.5236015617847443
优秀,0.33792251348495483,3.7646968960762024,0.3691871762275696
进入,0.13469809293746948,3.5793668627738953,0.39499229192733765
正在,0.0957140326499939,2.319363534450531,0.24444174766540527
规定,0.16331493854522705,2.6451457738876343,0.30212992429733276
改造,0.1899644136428833,3.87618625164032,0.5747345387935638
如今,0.39251357316970825,7.79152899980545,0.7168521583080292
部署,0.30185842514038086,7.071709215641022,0.6248347759246826
学校,0.1842120885848999,3.3330978751182556,0.2577308416366577
成立,0.13355666399002075,2.72793847322464,0.18982428312301636
当前,0.14737677574157715,3.1985254883766174,0.4072554111480713
共,0.10828638076782227,2.1928442120552063,0.42114436626434326
希望,0.1526312232017517,3.2389301657676697,0.2923129200935364
计划,0.14093750715255737,2.7504748106002808,0.32865428924560547
规模,0.1047588586807251,2.7751961946487427,0.4123572111129761
居民,0.28062647581100464,5.068209290504456,0.6931553184986115
了解,0.09368646144866943,2.4259716272354126,0.2647398114204407
扩大,0.24052226543426514,3.680039167404175,0.45861977338790894
支撑,0.6604448556900024,15.163264393806458,0.7066010236740112
民生,1.0070000924170017,27.872344572097063,0.7412419021129608
看,0.09948277473449707,2.5373514890670776,0.3122590184211731
监督,0.27569353580474854,5.333889484405518,0.4765886068344116
占,0.0826292634010315,1.66825532913208,0.3093506693840027
基地,0.2585858106613159,4.068311393260956,0.7153657674789429
双方,0.24995946884155273,3.4169716238975525,0.33725184202194214
经验,0.10169559717178345,2.0965266823768616,0.1734594702720642
达到,0.11323845386505127,1.9462036490440369,0.494795560836792
农民,0.19087845087051392,3.464768946170807,0.29963046312332153
使用,0.18847984075546265,3.5924969911575317,0.3573458194732666
协同,0.6510826051235199,15.879353433847427,0.8017382174730301
发布,0.3650028705596924,7.195735514163971,0.5531613826751709
强国,0.5039505660533905,10.305210798978806,0.8956151753664017
奋斗,0.18570369482040405,4.491634249687195,0.325666606426239
越来越,0.3432925343513489,3.1392250657081604,0.5329362750053406
特别,0.15929895639419556,3.847676694393158,0.30988365411758423
资金,0.20413434505462646,2.7977049946784973,0.48200708627700806
得到,0.09674674272537231,1.9264641404151917,0.23947715759277344
标准,0.1922948956489563,4.653643488883972,0.43794792890548706
结合,0.13116776943206787,2.4847444891929626,0.29902368783950806
各地,0.11148756742477417,2.550421714782715,0.3277209997177124
引导,0.25778597593307495,5.340901970863342,0.5383876264095306
去,0.06480598449707031,1.77379310131073,0.20642679929733276
发现,0.11080342531204224,2.903392970561981,0.21562504768371582
制定,0.22523623704910278,3.9155733585357666,0.40987473726272583
革命,0.22403115034103394,3.356902599334717,0.4099201560020447
改善,0.12774336338043213,2.793434798717499,0.46495652198791504
把握,0.623067706823349,12.119387954473495,0.6805889010429382
一系列,0.776413694024086,6.990461006760597,0.8285191357135773
约,0.16034334897994995,2.7018306851387024,0.2619813084602356
路,0.16412073373794556,3.804624617099762,0.36943113803863525
过程,0.16592776775360107,2.5053226351737976,0.31660860776901245
有力,0.14184492826461792,3.7067113518714905,0.317264199256897
成功,0.21535354852676392,4.128872871398926,0.5301955938339233
动力,0.4065954089164734,6.722806692123413,0.6381778120994568
民主,0.2807592749595642,4.453869938850403,0.5286120474338531
发生,0.11025083065032959,2.134291172027588,0.21358680725097656
收入,0.1660999059677124,2.90533584356308,0.23398083448410034
孩子,0.1342337727546692,2.365373134613037,0.41664695739746094
价值,0.36904460191726685,4.778608560562134,0.6123167276382446
举行,0.10109543800354004,1.1490174531936646,0.21946293115615845
故事,0.1994836926460266,4.082941353321075,0.28902167081832886
名,0.231861412525177,2.8327102661132812,0.4747254252433777
方向,0.1851891279220581,3.6676950454711914,0.3782936930656433
百年,0.7219357788562775,15.209336340427399,0.6942878663539886
现在,0.10521930456161499,2.9211766123771667,0.2593839168548584
主任,0.13112986087799072,2.4789360761642456,0.3319026827812195
意见,0.1023600697517395,2.212180018424988,0.33912545442581177
小,0.26942819356918335,3.920477330684662,0.27057164907455444
围绕,0.47014492750167847,11.063941180706024,0.7108628451824188
法律,0.26690083742141724,5.412544012069702,0.36285459995269775
多个,0.3512042164802551,4.90745735168457,0.7483443319797516
内容,0.11798852682113647,2.7207488417625427,0.20448601245880127
经营,0.255424439907074,3.9659701585769653,0.34216469526290894
方案,0.4195757508277893,8.253109574317932,0.5446600317955017
委员会,0.21693438291549683,2.865401804447174,0.20148921012878418
艺术,0.2785945534706116,3.178753614425659,0.4086098074913025
第一,0.1457298994064331,4.983990013599396,0.48940712213516235
国务院,0.7014367282390594,5.4901513159275055,0.7539876103401184
医疗,0.38213127851486206,5.204810559749603,0.42011696100234985
去年,0.1377406120300293,2.827310860157013,0.4464799165725708
召开,0.12757271528244019,2.837374687194824,0.21477645635604858
大家,0.0870630145072937,2.1133623123168945,0.19809240102767944
联合,0.6099574267864227,5.017078071832657,0.4022539258003235
认为,0.12123101949691772,2.2548890709877014,0.2962661385536194
培育,0.6957800090312958,6.355874329805374,0.7525426298379898
团结,0.17911463975906372,2.9436152577400208,0.3069150447845459
不少,0.10563504695892334,2.9783538579940796,0.3755558133125305
一定,0.11663097143173218,2.4278953671455383,0.1992136836051941
截至,0.2033964991569519,4.10624885559082,0.44908303022384644
意义,0.10900253057479858,1.991244614124298,0.2289588451385498
条件,0.18472367525100708,2.1931809186935425,0.2806625962257385
贸易,0.1832830309867859,3.439846456050873,0.3873758316040039
来自,0.4643622040748596,4.440455079078674,0.5104774236679077
一起,0.10779035091400146,2.6788177490234375,0.2346285581588745
一批,0.24432146549224854,3.827467978000641,0.45161038637161255
突破,0.2994840145111084,7.3594053983688354,0.562272846698761
化,0.6528417766094208,12.120609432458878,0.5036453008651733
站,0.22297054529190063,4.283051490783691,0.44314539432525635
十八,0.7161382138729095,17.830431312322617,0.7144406735897064
长期,0.19049829244613647,4.127194881439209,0.4117093086242676
明确,0.10875517129898071,3.170770764350891,0.47144031524658203
能够,0.19310975074768066,3.0344430804252625,0.19418179988861084
种植,0.1931191086769104,2.7883567810058594,0.3589939475059509
不能,0.05713176727294922,1.484145998954773,0.19159632921218872
突出,0.5406339466571808,5.3534267246723175,0.6244195699691772
强,0.24894952774047852,5.177119791507721,0.6769606471061707
体现,0.4937913417816162,4.924787640571594,0.5063250660896301
广大,0.11135578155517578,2.2876726388931274,0.3616211414337158
决定,0.11734002828598022,3.1248779296875,0.36409151554107666
期间,0.1848440170288086,4.653284847736359,0.5909301042556763
原则,0.10193008184432983,2.5518458485603333,0.18270623683929443
设施,0.6435864567756653,6.628075391054153,0.8661598563194275
健全,0.3104219436645508,4.730585038661957,0.5436767935752869
多年,0.398373007774353,7.58573591709137,0.5238078236579895
包括,0.1347724199295044,2.6815136075019836,0.34025079011917114
国,0.21027010679244995,3.7665215730667114,0.41790497303009033
人们,0.15311241149902344,2.2516626715660095,0.3202645778656006
汽车,0.1316535472869873,3.1752429604530334,0.346468448638916
使,0.044241249561309814,1.2207194566726685,0.17686134576797485
一次,0.14778023958206177,2.91232168674469,0.2095661759376526
变化,0.2095409631729126,2.3616548776626587,0.2848116159439087
鼓励,0.179501473903656,4.460886836051941,0.4424096941947937
香港,0.30717402696609497,8.207999646663666,0.36500537395477295
制造,0.22503364086151123,4.0039032101631165,0.378040611743927
培养,0.13362205028533936,2.4568410515785217,0.3271952271461487
看到,0.19610899686813354,2.8024888038635254,0.2501452565193176
担当,0.7336021661758423,18.062848687171936,0.8080868571996689
新华社,0.2851538062095642,2.495022177696228,0.47708451747894287
及时,0.13191962242126465,2.9019986391067505,0.31460559368133545
岁,0.6307191252708435,12.343904107809067,0.4923984408378601
过去,0.1259872317314148,3.591600000858307,0.3648233413696289
推出,0.871285542845726,20.570542886853218,0.8101341724395752
充分,0.1310558319091797,3.2639066576957703,0.1995716094970703
主动,0.48180049657821655,5.2069865465164185,0.580241858959198
开发,0.3227083683013916,6.1959468722343445,0.46112632751464844
供给,0.5249506533145905,8.520609050989151,0.6058225929737091
设备,0.14924949407577515,2.587796688079834,0.34400027990341187
面临,0.17605489492416382,3.3633736968040466,0.4053422808647156
恢复,0.2731212377548218,6.20894068479538,0.3221713900566101
实际,0.09587591886520386,2.4915362000465393,0.28494495153427124
显示,0.2734087109565735,3.4165050983428955,0.5910188853740692
体验,0.3662186861038208,6.726577997207642,0.5555291175842285
运动,0.20899707078933716,4.320419788360596,0.6208499372005463
来到,0.295357882976532,3.248189091682434,0.5937114357948303
强大,0.1236373782157898,3.099369764328003,0.29742300510406494
满足,0.1728968620300293,3.1597055792808533,0.5120273232460022
粮食,0.11857539415359497,3.458907663822174,0.3903825879096985
新型,0.5133411586284637,7.623711377382278,0.5151049196720123
现代,0.6877722442150116,5.95125213265419,0.6764654815196991
制造业,0.5002396702766418,8.840646624565125,0.6376976072788239
困难,0.09811800718307495,2.1673319339752197,0.2439456582069397
书记,0.17957180738449097,2.8084686994552612,0.4749360680580139
建议,0.1997050642967224,4.469107925891876,0.5069990158081055
使命,0.44203442335128784,9.276097297668457,0.6462977528572083
党员,0.2894321084022522,5.08796751499176,0.5937931835651398
坚决,0.08862113952636719,2.5824567675590515,0.3550570607185364
铁路,0.2970927357673645,4.726590573787689,0.3412626385688782
投入,0.21150362491607666,3.670492708683014,0.5544799566268921
委员,0.2156934142112732,3.4173770546913147,0.350857675075531
应,0.38365328311920166,4.1254353523254395,0.3132505416870117
大会,0.20890408754348755,4.01447719335556,0.21024513244628906
万元,0.22025251388549805,3.05429869890213,0.30216437578201294
根本,0.19150471687316895,3.641063392162323,0.5266738831996918
面对,0.4864662289619446,7.103387534618378,0.6684612035751343
两,0.16288936138153076,2.728975772857666,0.39912205934524536
成就,0.18118709325790405,2.4688429832458496,0.5336489677429199
阶段,0.21756750345230103,4.100194573402405,0.35576629638671875
专家,0.5261240005493164,5.580689191818237,0.4514681100845337
广泛,0.09783017635345459,2.258056640625,0.2714400291442871
信心,0.08425039052963257,2.957991898059845,0.37159091234207153
巩固,0.13483643531799316,3.2553812861442566,0.2814539074897766
这一,0.10173928737640381,2.8744555711746216,0.33052849769592285
作者,0.4971221685409546,6.893285155296326,0.5535798072814941
家庭,0.24794459342956543,5.645250976085663,0.37281179428100586
公园,0.3647618293762207,5.234853208065033,0.5099110901355743
吸引,0.5080831944942474,6.883196324110031,0.5700865089893341
走进,0.27598780393600464,5.0261834263801575,0.5731866657733917
自主,0.653672844171524,10.977002739906311,0.752384752035141
稳,0.4757038950920105,13.28322023153305,0.6606069803237915
传播,0.3327406644821167,7.773861825466156,0.6171185672283173
总,0.5659475922584534,7.108820676803589,0.575793981552124
联合国,0.17564445734024048,4.2305033802986145,0.21019721031188965
超,0.8518350422382355,16.814583137631416,0.7959229499101639
利益,0.08554571866989136,2.0046768188476562,0.27338528633117676
应当,0.25521862506866455,5.529968619346619,0.5412544012069702
选择,0.4346861243247986,7.08935159444809,0.580424427986145
激发,0.4588472247123718,6.810742735862732,0.5858100056648254
感受,0.5686381459236145,5.653756558895111,0.8617832660675049
做到,0.12495124340057373,3.301866114139557,0.4809504747390747
很多,0.34536492824554443,3.9475534558296204,0.31772947311401367
正式,0.21833914518356323,3.80536812543869,0.2935977578163147
宣传,0.15994161367416382,3.603479564189911,0.27198320627212524
项,0.5118001401424408,5.513806015253067,0.5519334971904755
良好,0.26036685705184937,3.5167683362960815,0.4131830930709839
公共,0.5325556397438049,9.604100406169891,0.45125073194503784
水,0.13110613822937012,3.0258647799491882,0.4248828887939453
集中,0.26466119289398193,4.622090518474579,0.46651673316955566
带领,0.3651033043861389,3.7452948093414307,0.45136189460754395
推广,0.18508487939834595,3.2886176109313965,0.3533095121383667
业务,0.5268630087375641,5.899621516466141,0.36910778284072876
一年,0.13089871406555176,3.5300432443618774,0.29130250215530396
曾,0.1346096396446228,3.1117843985557556,0.5017944574356079
针对,0.41525328159332275,5.759432673454285,0.7098937034606934
认识,0.08796852827072144,2.264526128768921,0.27064913511276245
运用,0.20886600017547607,3.6745262145996094,0.35879695415496826
分别,0.24071240425109863,3.5736613869667053,0.5256624817848206
进步,0.22224825620651245,4.772557616233826,0.4693900942802429
存在,0.10241413116455078,2.1516186594963074,0.2897486686706543
范围,0.10180139541625977,2.478764772415161,0.19192755222320557
不是,0.10965800285339355,2.4491183757781982,0.21699464321136475
职业,0.6175223290920258,10.549851655960083,0.5135483741760254
各方,0.6736916899681091,12.84647199511528,0.5341641008853912
决策,0.8823163285851479,16.854528792202473,0.8124416619539261
繁荣,0.2796694040298462,4.436560332775116,0.4849807620048523
快速,0.8526984751224518,9.58238571882248,0.8296449482440948
切实,0.29741013050079346,5.257170617580414,0.34546059370040894
村里,0.2513672709465027,6.578039765357971,0.3547409176826477
出现,0.15834230184555054,2.4409308433532715,0.6320331394672394
先进,0.6247565150260925,4.111034631729126,0.8489464521408081
形式,0.10673528909683228,2.9467923045158386,0.23120266199111938
才,0.1650030016899109,3.19027578830719,0.2186729907989502
每年,0.13901245594024658,2.8589673042297363,0.4146274924278259
交通,0.22247016429901123,4.506328880786896,0.33633601665496826
女,0.2998458743095398,7.931263506412506,0.5750399529933929
比赛,0.46538376808166504,5.132491111755371,0.7395675182342529
美丽,0.333612859249115,4.629131257534027,0.5891541540622711
首次,0.7783162295818329,8.25047653913498,0.5353354513645172
非洲,0.4380386471748352,5.755528926849365,0.7035621106624603
人口,0.16896188259124756,2.9226203560829163,0.3993862271308899
各项,0.26875627040863037,4.769556701183319,0.5830681324005127
可能,0.09975659847259521,2.6934242844581604,0.27156680822372437
小时,0.08877712488174438,1.9700574278831482,0.2900368571281433
调查,0.16538965702056885,3.2101574540138245,0.4369005560874939
米,0.5490290224552155,4.974971801042557,0.6712765991687775
观众,0.2925072908401489,2.893744707107544,0.45497626066207886
落地,0.8010739535093307,20.37569735944271,0.9533329755067825
高度,0.08767104148864746,3.2887930870056152,0.5678784251213074
条,0.2639714479446411,5.026196241378784,0.4248349666595459
农产品,0.3690704107284546,5.583760857582092,0.5186547935009003
处理,0.1957920789718628,4.25752991437912,0.3775010108947754
一条,0.14751172065734863,2.7819758653640747,0.31164878606796265
修复,0.5021166205406189,9.361420750617981,0.46093910932540894
考察,0.6131059229373932,10.636318564414978,0.4885846972465515
携手,0.6817117035388947,12.202857673168182,0.29782164096832275
各级,0.3189085125923157,2.8581124544143677,0.20760148763656616
进,0.21063387393951416,5.972071051597595,0.3936395049095154
直接,0.2010377049446106,4.69952392578125,0.425983726978302
设立,0.18525654077529907,5.1200110912323,0.33397793769836426
部分,0.3104163408279419,4.913018465042114,0.26955652236938477
意识,0.5447819530963898,9.120514839887619,0.6170651316642761
采取,0.06555432081222534,1.6337136626243591,0.20897990465164185
创作,0.15357673168182373,3.56732976436615,0.28178924322128296
医院,0.162225604057312,3.2883655428886414,0.2667793035507202
连续,0.14622759819030762,3.681555390357971,0.6542434692382812
镇,0.5236510634422302,8.13444209098816,0.3114696741104126
全部,0.1330443024635315,3.010905146598816,0.31443989276885986
斗争,0.09330505132675171,2.639857590198517,0.43425559997558594
自然,0.3072848320007324,4.90297669172287,0.4427090883255005
减少,0.1280955672264099,2.854744076728821,0.23927074670791626
街道,0.18562710285186768,4.273529350757599,0.6411260962486267
本报记者,0.5095959007740021,4.758222430944443,0.7395150661468506
公里,0.10395824909210205,2.280230760574341,0.3101322054862976
仍,0.2350483536720276,4.666618824005127,0.33248692750930786
作品,0.2850456237792969,3.1884860396385193,0.4339481592178345
消费者,0.5027920305728912,9.089238673448563,0.572175532579422
成效,0.462668240070343,6.476772606372833,0.4595068693161011
想,0.1071310043334961,3.0800387859344482,0.22312265634536743
大国,0.39549416303634644,6.909821689128876,0.5064711272716522
调整,0.37552887201309204,6.213573694229126,0.4795074462890625
浙江,0.3488386869430542,6.068775713443756,0.4616553783416748
严重,0.11858385801315308,2.463869869709015,0.3225017189979553
十年,0.4946814179420471,10.415799260139465,0.5437772572040558
市,0.2705381512641907,3.527265429496765,0.5230736136436462
整体,0.5364892184734344,9.38132956624031,0.8270234763622284
期待,0.7288589179515839,13.83321961760521,0.5968091785907745
现实,0.366985559463501,5.306817591190338,0.4406004548072815
大力,0.3257506489753723,4.4669875502586365,0.6190945208072662
拥有,0.13903474807739258,3.785512387752533,0.4765428304672241
真正,0.10753530263900757,2.9067696928977966,0.26393377780914307
材料,0.19669955968856812,4.461240231990814,0.5493267774581909
成长,0.42870843410491943,4.298863351345062,0.4544026255607605
印发,0.5756608545780182,14.77853211760521,0.6971027851104736
城乡,0.6276463568210602,8.759666293859482,0.8644315153360367
生动,0.16045498847961426,2.67682284116745,0.23769015073776245
学院,0.3480934500694275,4.805599808692932,0.3817141056060791
长江,0.22126823663711548,4.918790936470032,0.36848539113998413
越,0.16602301597595215,4.227742433547974,0.2545587420463562
岗位,0.3402065634727478,5.454788029193878,0.6241503655910492
面积,0.1290881633758545,1.8003079295158386,0.2013096809387207
执行,0.22751593589782715,3.2797821164131165,0.34409213066101074
元,0.1951972246170044,3.4538391828536987,0.3937246799468994
两国,0.20494168996810913,2.409416615962982,0.3543283939361572
方法,0.11068218946456909,2.4073851704597473,0.31590723991394043
老,0.19113779067993164,4.1743162870407104,0.39655429124832153
建筑,0.23948055505752563,4.819740295410156,0.3522164821624756
成,0.18542695045471191,3.864209771156311,0.30842000246047974
明显,0.1551598310470581,3.3350751399993896,0.5071816444396973
数量,0.14220881462097168,3.429648518562317,0.36591583490371704
非,0.42401283979415894,10.964592933654785,0.6992633640766144
贷款,0.15813815593719482,3.5567931532859802,0.29164016246795654
带,0.3044505715370178,4.176956653594971,0.3215901255607605
更大,0.22861987352371216,3.802547335624695,0.42530345916748047
安排,0.4118642210960388,5.166230738162994,0.6353515088558197
之间,0.12606370449066162,2.238340198993683,0.26564961671829224
充分发挥,0.39557796716690063,4.021156311035156,0.5268703401088715
装备,0.12472784519195557,4.680547058582306,0.49152469635009766
行为,0.17247122526168823,3.7846938371658325,0.3674044609069824
巨大,0.13834959268569946,2.4387723803520203,0.3553808927536011
点,0.37937599420547485,6.462697863578796,0.506369024515152
红色,0.5413671731948853,7.975654572248459,0.6124713718891144
队伍,0.3513858914375305,4.138260722160339,0.5034903883934021
集体,0.3516532778739929,5.513060986995697,0.47295188903808594
土地,0.11243784427642822,2.503865659236908,0.26751846075057983
加速,0.4032951593399048,6.825225114822388,0.5288901627063751
总统,0.14240139722824097,2.802312731742859,0.3366139531135559
合理,0.20786499977111816,3.803774058818817,0.3210446834564209
生命,0.13062018156051636,3.2927074432373047,0.21297401189804077
效率,0.11417460441589355,3.4007532596588135,0.28735774755477905
时期,0.20463168621063232,3.4157222509384155,0.3747820258140564
抓,0.3245270252227783,3.879578173160553,0.687335342168808
知识,0.3710085153579712,4.0339972376823425,0.4374545216560364
事,0.11490660905838013,2.2194036841392517,0.22916090488433838
自觉,0.20515525341033936,3.88757586479187,0.31086647510528564
幸福,0.17496263980865479,3.8868818283081055,0.37563419342041016
办理,0.4400431513786316,6.7535881996154785,0.4477711319923401
机关,0.1188739538192749,3.588886082172394,0.32990825176239014
个人,0.19111418724060059,4.236929833889008,0.3087860941886902
成本,0.12269377708435059,3.373097836971283,0.3710508346557617
性,0.28353238105773926,8.679560542106628,0.5472241044044495
一名,0.13725680112838745,3.8861599564552307,0.6198770403862
市民,0.2740406394004822,6.898588180541992,0.334023654460907
办,0.22529971599578857,4.906951129436493,0.3995763659477234
行政,0.34659767150878906,6.2480276226997375,0.37549030780792236
世纪,0.5361790060997009,6.193176031112671,0.8141338527202606
今天,0.21786093711853027,3.598564863204956,0.35259509086608887
却,0.1610163450241089,3.264165937900543,0.3105407953262329
显著,0.1916368007659912,3.3572399020195007,0.36576831340789795
次,0.29421496391296387,5.7124563455581665,0.4133068919181824
以下,0.24113905429840088,4.973747670650482,0.6400319933891296
一线,0.6622790098190308,16.484623938798904,0.915023684501648
胜利,0.11062884330749512,3.372777998447418,0.2628512382507324
位于,0.2273387312889099,3.298496723175049,0.3427272439002991
具体,0.19708842039108276,3.2183521389961243,0.29170286655426025
银行,0.2174099087715149,4.712460696697235,0.21047061681747437
产生,0.2407834529876709,3.401373863220215,0.4034179449081421
县,0.15878385305404663,2.724810481071472,0.36601942777633667
万人,0.4225362539291382,7.711479127407074,0.3718780279159546
新闻,0.16913455724716187,4.49034982919693,0.30765366554260254
重庆,0.3626558184623718,9.356208562850952,0.4631814956665039
先后,0.11083102226257324,3.233892261981964,0.47008204460144043
形势,0.15968984365463257,2.723695755004883,0.4340026378631592
评价,0.7422986924648285,9.183975726366043,0.7631106227636337
追求,0.4102131128311157,5.414544999599457,0.4526224136352539
注重,0.74908646941185,15.080606579780579,0.7651508152484894
自我,0.6422127783298492,11.67598369717598,0.7145919501781464
出席,0.12004482746124268,2.365453600883484,0.24869680404663086
间,0.19510912895202637,4.62168562412262,0.663445234298706
给予,0.15464389324188232,3.1954057216644287,0.4322606325149536
教师,0.25832951068878174,4.729924261569977,0.3156432509422302
反映,0.1736956238746643,3.1226271986961365,0.3649924397468567
阅读,0.34498655796051025,6.387002885341644,0.5449578762054443
老人,0.2253267765045166,4.3071975111961365,0.43089795112609863
均,0.5862426459789276,9.263733237981796,0.4036533236503601
矛盾,0.15424585342407227,3.3116442561149597,0.46709781885147095
正确,0.13374459743499756,2.608758270740509,0.2506280541419983
大学,0.23611485958099365,4.251113653182983,0.35208648443222046
全力,0.3367984890937805,9.962317824363708,0.4508965015411377
干,0.150098979473114,3.1759827733039856,0.21355599164962769
海洋,0.5919901430606842,7.922917872667313,0.7211577594280243
特点,0.2337678074836731,4.040975093841553,0.3400126099586487
立法,0.8220624625682831,11.738651037216187,0.6090903878211975
四个,0.573461502790451,6.799495965242386,0.5431013107299805
成员,0.5465883314609528,7.452499538660049,0.5986102521419525
二,0.18436145782470703,5.4703540205955505,0.5161032974720001
领导人,0.5898795127868652,6.618065446615219,0.7443995177745819
负责,0.1775822639465332,4.010865092277527,0.23109197616577148
造成,0.09518605470657349,2.5639729499816895,0.4106394648551941
符合,0.18300068378448486,3.3183674812316895,0.4366729259490967
天,0.3477400541305542,5.481805682182312,0.49772554636001587
分析,0.2600516676902771,2.845443546772003,0.37426990270614624
全省,0.32627618312835693,4.391138315200806,0.4511154294013977
联系,0.1628062129020691,3.3624751567840576,0.32947254180908203
非常,0.16253530979156494,3.2707268595695496,0.2486143708229065
坚强,0.1070355772972107,3.967057466506958,0.3936506509780884
三,0.28269892930984497,6.300017178058624,0.452364981174469
周年,0.14962762594223022,3.599952280521393,0.29576408863067627
一道,0.231134295463562,5.463361322879791,0.47195518016815186
梦想,0.4987335801124573,12.848089277744293,0.7319967150688171
逐步,0.29100531339645386,4.065199911594391,0.4373077154159546
复杂,0.16681188344955444,3.3959107995033264,0.2258780598640442
发表,0.06112450361251831,1.8953181505203247,0.19414174556732178
正是,0.2430821657180786,6.046719014644623,0.6091352105140686
地位,0.09357601404190063,2.6023077368736267,0.31873321533203125
工作人员,0.5470618605613708,7.527988970279694,0.46556705236434937
有利于,0.5169996023178101,5.4348331689834595,0.7326553463935852
大型,0.6054966449737549,5.585843503475189,0.6163081228733063
杭州,0.4581291079521179,6.66282445192337,0.7838892340660095
降低,0.2279341220855713,3.310885488986969,0.44509047269821167
所有,0.16744184494018555,3.7892515063285828,0.33849573135375977
基金,0.5797905325889587,9.644709587097168,0.38222140073776245
分,0.2737208604812622,5.162049412727356,0.5397765934467316
司法,0.47256243228912354,10.90378212928772,0.5582642555236816
确定,0.29463034868240356,5.371480166912079,0.3801897168159485
优先,0.9163400083780289,10.861089542508125,0.8527467399835587
激励,0.6000829041004181,8.268207281827927,0.5936886370182037
老年人,0.5603536367416382,13.496360540390015,0.7333011031150818
友好,0.26847344636917114,2.7552159428596497,0.41982030868530273
立足,0.8919117003679276,19.231927067041397,0.9316231831908226
坚定不移,0.4792226552963257,8.112578511238098,0.6761518120765686
清洁,0.707394152879715,13.371084690093994,0.8826356083154678
相结合,0.33050185441970825,5.461208701133728,0.5942918360233307
销售,0.3895304203033447,6.522416055202484,0.40485846996307373
出口,0.17187011241912842,3.6633999347686768,0.2740614414215088
宪法,0.3836594223976135,7.282994508743286,0.46360886096954346
儿童,0.2078356146812439,5.377625286579132,0.33746081590652466
部,0.26084381341934204,5.778939187526703,0.6132950484752655
沟通,0.7906182706356049,12.635458827018738,0.7504714131355286
最终,0.6393112242221832,10.996854275465012,0.6733336746692657
掌握,0.2056925892829895,3.1721372604370117,0.31657546758651733
类,0.7182178795337677,12.846300929784775,1.0311021320521832
接受,0.2895181179046631,4.283572852611542,0.487209677696228
保证,0.18289858102798462,2.951634466648102,0.35469508171081543
受到,0.08714723587036133,1.8707082271575928,0.2206236720085144
进程,0.6603840887546539,8.461905807256699,0.7289358675479889
尊重,0.21874189376831055,3.618059992790222,0.21361756324768066
环节,0.32024961709976196,7.04322475194931,0.6614524722099304
民众,0.6664164066314697,17.1484814286232,0.5610581040382385
每天,0.08927327394485474,2.7481778860092163,0.25212234258651733
畅通,0.3253400921821594,9.567247331142426,0.5398283302783966
下降,0.21257346868515015,2.979779541492462,0.4137219786643982
每个,0.13381069898605347,3.0966306924819946,0.28041744232177734
号,0.2532299757003784,6.4830068945884705,0.3465118408203125
严格,0.3586116433143616,4.159204185009003,0.30564236640930176
涉及,0.6097242832183838,9.869551122188568,0.6617593765258789
准备,0.11060559749603271,3.0898943543434143,0.3316754102706909
一种,0.15953415632247925,2.130237638950348,0.20716774463653564
准确,0.31882816553115845,5.851460933685303,0.5537930428981781
呈现,0.24669408798217773,4.916215658187866,0.4893544316291809
道,0.2609972357749939,6.821814239025116,0.3819543123245239
确立,0.39719223976135254,12.229393422603607,0.6118861138820648
一步,0.19726794958114624,2.981876254081726,0.7124658823013306
局,0.5004825592041016,6.93148010969162,0.4825817942619324
大量,0.08309078216552734,2.2741726636886597,0.396392822265625
新疆,0.7356135249137878,8.335021257400513,0.7551695108413696
最高,0.306180477142334,3.8829859495162964,0.3762941360473633
快,0.141728937625885,3.7448010444641113,0.3159080147743225
祖国,0.1918540596961975,2.8449425101280212,0.4423900842666626
协商,0.5185474455356598,7.825161725282669,0.3138846158981323
法,0.26674288511276245,7.711617529392242,0.4975352883338928
劳动,0.16070353984832764,4.303650140762329,0.28292781114578247
树立,0.27343934774398804,3.6431992053985596,0.3181411623954773
专门,0.1774427890777588,4.393103659152985,0.37132853269577026
部长,0.11708813905715942,1.8932551741600037,0.2241954207420349
训练,0.2765725255012512,3.8117286562919617,0.3895542025566101
只,0.10717463493347168,2.9285024404525757,0.3079947829246521
加工,0.3047642111778259,3.9945154786109924,0.5352070033550262
改变,0.19395166635513306,3.085934817790985,0.40104037523269653
江苏,0.4426918029785156,5.39031845331192,0.3204038739204407
增进,0.34088659286499023,3.974830210208893,0.42617350816726685
万,0.2565422058105469,3.9211060404777527,0.3733407258987427
总理,0.10062170028686523,2.6630741357803345,0.26731956005096436
住,0.10385411977767944,2.869133174419403,0.2323373556137085
需,0.4104214906692505,5.806964695453644,0.4083375334739685
一项,0.32140737771987915,3.265612244606018,0.4648478627204895
全民,0.9418867379426956,12.088340386748314,0.5907139182090759
一家,0.14492177963256836,4.096829116344452,0.6037775874137878
美,0.2895938754081726,6.378793895244598,0.6516377925872803
告诉,0.17512232065200806,3.9302661418914795,0.4612155556678772
合作社,0.1897430419921875,5.470229864120483,0.29684925079345703
规律,0.42966151237487793,4.727528393268585,0.5577379763126373
事项,0.6634151935577393,14.314210712909698,0.44762009382247925
讲,0.16487431526184082,3.7954503297805786,0.27057361602783203
转变,0.2972116470336914,7.286793410778046,0.47078555822372437
总结,0.11356735229492188,2.7807549238204956,0.3270341753959656
便,0.27923405170440674,4.456479489803314,0.47511130571365356
运输,0.16793549060821533,3.8518235087394714,0.3118497133255005
心,0.2236424684524536,3.8513031005859375,0.40098804235458374
出来,0.14705991744995117,3.114666998386383,0.23818129301071167
压力,0.21420621871948242,4.024163842201233,0.6361035108566284
广东,0.30020755529403687,6.638557016849518,0.3658350110054016
黄河,0.43062907457351685,5.167701244354248,0.22865980863571167
公平,0.5972355902194977,11.169078260660172,0.3840172290802002
海外,0.37672024965286255,9.675385236740112,0.4478466510772705
设置,0.5541881322860718,8.773028671741486,0.6676540374755859
出发,0.23283803462982178,4.301944971084595,0.5190305709838867
全市,0.3157157897949219,5.0513352155685425,0.5442321598529816
实行,0.11557328701019287,2.5667145252227783,0.30403947830200195
中共,0.3876376152038574,6.068212687969208,0.5264512598514557
一体,0.7299472391605377,17.292985409498215,0.7606015801429749
采访,0.6771579682826996,13.650887787342072,0.46400612592697144
一场,0.32502198219299316,4.416746973991394,0.49723201990127563
研究院,0.7147806882858276,10.193519920110703,0.6386511027812958
电力,0.25820887088775635,5.60988062620163,0.49004876613616943
级,0.8354074954986572,11.849962443113327,0.6755965948104858
感,0.8028806895017624,19.5291445851326,0.8469760566949844
卫生,0.28621071577072144,6.320905387401581,0.3531765937805176
奋斗目标,0.8079782873392105,16.66769628226757,0.865218922495842
释放,0.24272161722183228,6.977480828762054,0.8944530412554741
享受,0.35061323642730713,6.243646204471588,0.4129365086555481
长,0.17615950107574463,3.671648859977722,0.4793465733528137
程度,0.18363350629806519,3.0563401579856873,0.2984587550163269
福建,0.5072290599346161,7.08206370472908,0.34552377462387085
受,0.27061641216278076,3.6300286650657654,0.3368883728981018
吃,0.08582890033721924,2.0161566734313965,0.12775671482086182
有机,0.6472745835781097,9.964193522930145,0.6980941891670227
检查,0.1576317548751831,3.3293752670288086,0.4636939764022827
中共中央,0.5534739196300507,6.541780740022659,0.33759135007858276
左右,0.14247536659240723,2.96868497133255,0.39479321241378784
反对,0.12122541666030884,3.1862180829048157,0.2625502347946167
广西,0.2903105616569519,7.152530491352081,0.5726748108863831
全体,0.18293499946594238,3.551979899406433,0.37736207246780396
致力于,0.777650997042656,13.751398921012878,0.5407189130783081
十分,0.23902904987335205,3.185346484184265,0.32583874464035034
文件,0.6009679138660431,7.072055131196976,0.4059355854988098
互利,0.4308972954750061,6.4908037185668945,0.4893832206726074
成都,0.18937712907791138,6.8333563804626465,0.43883615732192993
预计,0.36101359128952026,6.725533068180084,0.40240222215652466
因素,0.20068180561065674,3.75211101770401,0.43208128213882446
年底,0.274624764919281,5.730275809764862,0.4639556407928467
万亩,0.09917986392974854,1.8457987904548645,0.2314656376838684
多次,0.3338927626609802,6.027820825576782,0.47826218605041504
办法,0.11858052015304565,2.615237772464752,0.23362112045288086
完整,0.38102805614471436,7.910346448421478,0.6067253947257996
毕业生,0.3667302131652832,4.630645573139191,0.5078076124191284
亚洲,0.4636771082878113,7.182473719120026,0.6783744990825653
线,0.29707980155944824,8.406570196151733,0.48119378089904785
耕地,0.21355974674224854,3.4215062260627747,0.41227835416793823
关心,0.16535508632659912,3.126839756965637,0.35477274656295776
搞,0.2009105682373047,3.6985822319984436,0.4508677124977112
商品,0.20768308639526367,4.339682459831238,0.4185149073600769
价格,0.1201440691947937,3.010623276233673,0.21361851692199707
件,0.10879212617874146,2.897541642189026,0.33428531885147095
多种,0.31429415941238403,4.632714748382568,0.6305065751075745
平均,0.08889991044998169,2.0712397694587708,0.332904577255249
跑,0.08753198385238647,2.852072834968567,0.29389822483062744
成绩,0.15569525957107544,2.600381374359131,0.4147120714187622
本届,0.543111264705658,8.335555076599121,0.6354679763317108
经历,0.27774548530578613,4.041420817375183,0.3513587713241577
牢记,0.6670613586902618,12.728509187698364,0.7346336245536804
前进,0.0838083028793335,3.0187248587608337,0.3271114230155945
处,0.295343279838562,7.36146080493927,0.3921114206314087
履行,0.3189271092414856,5.4146904945373535,0.39043694734573364
预算,0.18278437852859497,4.620181977748871,0.3585185408592224
认真,0.29646801948547363,3.1278411746025085,0.5041828751564026
再次,0.3399111032485962,7.725429594516754,0.5229614675045013
签署,0.38413190841674805,7.36141175031662,0.45213621854782104
党委,0.19605201482772827,4.166069984436035,0.5433013737201691
手段,0.1557820439338684,2.6159421801567078,0.5015090107917786
工厂,0.11319953203201294,3.78761225938797,0.31473833322525024
控制,0.15723681449890137,4.412606179714203,0.7703738361597061
便利,0.41449910402297974,8.521526277065277,0.3941037058830261
记录,0.5441202819347382,9.844431847333908,0.5675000846385956
四川,0.3647491931915283,7.1659510135650635,0.26598531007766724
一边,0.2329992651939392,3.7982283234596252,0.2082032561302185
机会,0.1724224090576172,4.2668792605400085,0.29472094774246216
面向,0.7453678846359253,13.149675846099854,0.9523920379579067
欢迎,0.15629619359970093,2.8787806630134583,0.28155118227005005
西部,0.299543559551239,5.7964048981666565,0.42982882261276245
代表团,0.1477333903312683,3.1948278546333313,0.42747998237609863
听,0.10497075319290161,2.7687953114509583,0.2104511857032776
舞台,0.6038646399974823,5.083262145519257,0.4812049865722656
森林,0.4497983455657959,6.044047832489014,0.6012838184833527
式,0.43453657627105713,7.860140085220337,0.7040761113166809
应该,0.14782732725143433,3.3570384979248047,0.26687610149383545
还要,0.24346661567687988,6.130780875682831,0.27695387601852417
申请,0.5578755438327789,10.636407047510147,0.36250680685043335
日益,0.11791908740997314,2.385670006275177,0.2978339195251465
广阔,0.3799314498901367,3.781996250152588,0.5732933282852173
这种,0.07797068357467651,1.8029794692993164,0.3298214077949524
找到,0.223335862159729,4.647746384143829,0.3016531467437744
效果,0.22925162315368652,3.151310086250305,0.334865927696228
品质,0.23139184713363647,4.889466285705566,0.501722902059555
张,0.24897658824920654,5.268734991550446,0.32202786207199097
当时,0.29915839433670044,7.03792417049408,0.4257391691207886
更为,0.28987669944763184,6.697526276111603,0.5271738171577454
低,0.19156020879745483,2.8679348826408386,0.3901768922805786
重视,0.2655402421951294,3.3080517649650574,0.3942177891731262
云,0.4753997325897217,13.360297858715057,0.8054677546024323
赢得,0.16484349966049194,4.698794662952423,0.4348829984664917
条例,0.5913273692131042,10.59583193063736,0.2475811243057251
支付,0.3013279438018799,6.13911908864975,0.35243868827819824
职责,0.5822632014751434,7.083279699087143,0.7532491236925125
山东,0.3108481168746948,5.822372317314148,0.4167548418045044
食品,0.24538367986679077,5.2929821610450745,0.524566113948822
各族人民,0.58015376329422,5.600855708122253,0.6277122795581818
教学,0.39066213369369507,4.449256181716919,0.3048174977302551
全党,0.3146517872810364,8.354080080986023,0.5404555201530457
比例,0.37685680389404297,7.054891407489777,0.37120819091796875
选举,0.2805284261703491,6.78701776266098,0.33316975831985474
报道,0.7854935824871063,4.387323170900345,0.8428954631090164
有助于,0.5874249339103699,7.972328186035156,0.6876363754272461
住房,0.6404677331447601,8.95456412434578,0.7089800834655762
采用,0.1916833519935608,3.548366367816925,0.3670707941055298
农户,0.5075996220111847,8.255509465932846,0.5098393261432648
坚守,0.6073632836341858,11.76390141248703,0.640099823474884
鲜明,0.2934899926185608,4.103865087032318,0.4859763979911804
最后,0.12617433071136475,3.8419511914253235,0.6558666825294495
走出,0.28062087297439575,5.898651540279388,0.5317095816135406
欧洲,0.327506959438324,5.806533634662628,0.3412664532661438
全年,0.19148856401443481,4.070749998092651,0.458939790725708
作业,0.6999643445014954,6.856849551200867,0.8992263749241829
港,0.31321650743484497,7.619392931461334,0.41998541355133057
工作者,0.26176732778549194,4.023950099945068,0.3494564890861511
挖掘,0.3356001377105713,6.030525982379913,0.7392188012599945
物资,0.22162944078445435,4.18071174621582,0.3574100136756897
交易,0.3202124834060669,8.232948124408722,0.4310855269432068
研究所,0.575647234916687,4.169564604759216,0.57937091588974
转移,0.36909204721450806,9.191168069839478,0.48271673917770386
朋友,0.26750826835632324,3.5053504705429077,0.34324395656585693
紧密,0.623867005109787,4.649337321519852,0.836870402097702
适应,0.23094969987869263,3.977312445640564,0.4057580232620239
十九,0.7418182790279388,21.75805488228798,0.7164687514305115
河北,0.3576165437698364,5.812759041786194,0.39481228590011597
保险,0.7375332117080688,16.39088398218155,0.6144488751888275
外,0.21085894107818604,4.245720207691193,0.47663891315460205
走向,0.30360835790634155,5.063917338848114,0.30816829204559326
老师,0.6747374832630157,6.82091748714447,0.48988425731658936
加入,0.42200803756713867,6.24974262714386,0.30318522453308105
外交,0.5248681306838989,6.182324796915054,0.4297211170196533
打开,0.29664456844329834,5.554253160953522,0.46005821228027344
不足,0.1562212109565735,3.8400033712387085,0.3446885943412781
主持,0.2287766933441162,5.000170469284058,0.6150653660297394
审查,0.4458357095718384,7.6408416628837585,0.3849213123321533
逐渐,0.19077670574188232,4.772440731525421,0.3028991222381592
方便,0.3937230110168457,4.874044239521027,0.4227675199508667
座谈会,0.11183589696884155,3.348126709461212,0.3092334270477295
农田,0.6148176491260529,5.096465021371841,0.44619375467300415
城,0.3126795291900635,7.782464683055878,0.44490498304367065
在于,0.1330554485321045,3.8095316886901855,0.38978779315948486
平等,0.26251280307769775,4.470015645027161,0.35975873470306396
讲话,0.16716891527175903,4.145796358585358,0.4376443028450012
万吨,0.28603047132492065,2.3454352617263794,0.21428751945495605
编辑,0.940992072224617,9.407282635569572,0.599428117275238
表现,0.09044384956359863,2.1798422932624817,0.39147162437438965
友谊,0.13504666090011597,2.2552342414855957,0.24661821126937866
表达,0.3394506573677063,4.493864178657532,0.3294459581375122
从事,0.26868605613708496,4.610211074352264,0.42585062980651855
电影,0.20416247844696045,5.177858769893646,0.38319337368011475
顺利,0.30239051580429077,6.274437189102173,0.463779091835022
教授,0.38237810134887695,4.480636775493622,0.21926981210708618
所在,0.5665516555309296,9.422777086496353,0.5935787260532379
步伐,0.4584561586380005,5.140258312225342,0.5785449147224426
量,0.32776719331741333,5.820010602474213,0.42266905307769775
课程,0.3249785304069519,4.0411986112594604,0.3265395760536194
充满,0.12765270471572876,2.5707861185073853,0.35176795721054077
冬,0.5272564589977264,14.685481876134872,0.841718390583992
组成,0.12850850820541382,2.9280201196670532,0.2969745993614197
省,0.43645113706588745,4.263000726699829,0.4057539105415344
位置,0.5011113882064819,6.821459352970123,0.7592454105615616
军队,0.17689728736877441,4.776684880256653,0.4326997995376587
种子,0.2827240824699402,5.3666656613349915,0.45873814821243286
收获,0.20484596490859985,5.390043556690216,0.5239273607730865
不会,0.17206978797912598,3.345637619495392,0.22778958082199097
局面,0.2010670304298401,4.287659108638763,0.3262763023376465
开辟,0.22410613298416138,5.344703018665314,0.34689825773239136
两岸,0.14495593309402466,3.6569060683250427,0.5893950760364532
理解,0.5660925507545471,4.7902626395225525,0.4922211766242981
权益,0.8361502140760422,13.987903580069542,0.8751758858561516
以前,0.24118095636367798,6.269694268703461,0.5922631621360779
乡,0.42753714323043823,6.584820032119751,0.33864814043045044
办公室,0.4292474389076233,5.385890960693359,0.5885969400405884
上升,0.29410380125045776,3.705647587776184,0.7856652736663818
进口,0.31366848945617676,4.818201303482056,0.25936228036880493
资本,0.2127777338027954,5.9329968094825745,0.4717290997505188
第一次,0.24990975856781006,6.889485001564026,0.3677877187728882
遵循,0.4109693765640259,6.28009569644928,0.7026788592338562
邀请,0.34025734663009644,3.796546220779419,0.34364384412765503
会见,0.6001482009887695,6.285049676895142,0.5829731822013855
平衡,0.32614344358444214,5.742335915565491,0.46584510803222656
防治,0.4155140519142151,4.882001757621765,0.6247470676898956
必将,0.3588739037513733,5.625772535800934,0.4725915193557739
施工,0.6579497754573822,5.323269069194794,0.7009541094303131
政党,0.1827608346939087,6.070193767547607,0.44216835498809814
展览,0.3721354603767395,5.27411961555481,0.3238223195075989
创建,0.7113239765167236,14.460222899913788,0.7824449390172958
王,0.4062250852584839,6.858016073703766,0.34575384855270386
程序,0.48089390993118286,10.885678768157959,0.547711044549942
担任,0.1003267765045166,2.949384331703186,0.4416152834892273
这次,0.1857336163520813,3.5950998663902283,0.36384695768356323
特殊,0.32219254970550537,7.495054304599762,0.5031496286392212
日本,0.13351327180862427,4.465801119804382,0.3949965238571167
来说,0.5233682692050934,6.2663494646549225,0.5003233551979065
一天,0.1377820372581482,3.3995012640953064,0.13759976625442505
完全,0.11670941114425659,3.667642891407013,0.32729125022888184
学,0.25887876749038696,5.526358127593994,0.4180731773376465
热情,0.11587733030319214,2.7220864295959473,0.32461655139923096
用于,0.2171364426612854,4.561775803565979,0.3900149464607239
没,0.12416046857833862,2.728981077671051,0.2182818055152893
通知,0.6098414063453674,7.207790851593018,0.5497409999370575
院长,0.5389688313007355,4.280685752630234,0.34583956003189087
型,0.6761894524097443,6.010537534952164,0.6878172755241394
户,0.100239098072052,3.252998173236847,0.3475174903869629
协会,0.28607994318008423,3.446495831012726,0.22476166486740112
草案,0.5296532511711121,8.216664731502533,0.41937488317489624
书写,0.6096942722797394,10.463845819234848,0.8692327737808228
志愿,0.5451021790504456,14.108997017145157,0.5343329608440399
力,0.4573638439178467,12.958445191383362,0.52266925573349
小学,0.26545804738998413,4.406339228153229,0.26175034046173096
台湾,0.3617735505104065,7.2197606563568115,0.5377876460552216
一是,0.3868452310562134,7.919330477714539,0.37008291482925415
为主,0.19500237703323364,4.976756811141968,0.3969748616218567
离不开,0.6830100119113922,16.597878992557526,0.9484644941985607
立场,0.24304848909378052,3.686219811439514,0.3019895553588867
相信,0.1616339087486267,4.845198214054108,0.3758760690689087
难,0.20116692781448364,4.613579511642456,0.44873684644699097
全局,0.7055017948150635,8.736952275037766,0.7192966938018799
二是,0.7651046067476273,16.377362117171288,0.7912648916244507
变,0.31449300050735474,7.185796141624451,0.3246484398841858
坚实,0.3982126712799072,7.492434203624725,0.46779412031173706
党的领导,0.4264044761657715,5.759140849113464,0.670890599489212
之后,0.1669905185699463,4.879296720027924,0.45753586292266846
公开,0.1586308479309082,5.168393969535828,0.44004178047180176
进展,0.32749736309051514,4.464053690433502,0.47376590967178345
实力,0.5005068778991699,8.17715299129486,0.7283166944980621
作,0.10147589445114136,2.825740694999695,0.3871622085571289
展开,0.10525315999984741,3.4639387130737305,0.5098308026790619
开,0.22621965408325195,4.6433680057525635,0.2859863042831421
愿,0.5331977009773254,12.181068629026413,0.490090012550354
天津,0.27255570888519287,5.654871225357056,0.5106076300144196
演出,0.12074631452560425,3.192354738712311,0.2712615728378296
讲述,0.5080413520336151,10.443891853094101,0.4440322518348694
垃圾,0.3441605567932129,5.8831592202186584,0.48514121770858765
宣布,0.08446407318115234,2.765219032764435,0.287026047706604
犯罪,0.5520760118961334,9.606991976499557,0.6330587565898895
亩,0.14231038093566895,1.7742207050323486,0.32620668411254883
迅速,0.128007709980011,3.5168212056159973,0.45630544424057007
相互,0.23006486892700195,4.124435782432556,0.3151341676712036
乡亲们,0.5165653824806213,14.556752443313599,0.3794184923171997
永远,0.1822323203086853,3.5895089507102966,0.24216967821121216
商业,0.39577293395996094,6.661361277103424,0.42671120166778564
批准,0.26743608713150024,5.603353500366211,0.2564954161643982
大学生,0.7763162553310394,10.093119442462921,0.6705077290534973
产量,0.11033910512924194,2.2972249388694763,0.2318364977836609
决心,0.21214401721954346,4.4399009346961975,0.3497512936592102
党内,0.5605947077274323,9.074001640081406,0.6710521578788757
财政,0.2938781976699829,5.349230647087097,0.40638482570648193
协议,0.33921271562576294,4.848566174507141,0.4274013042449951
贫困,0.45893633365631104,5.1642566323280334,0.4875394105911255
遇到,0.24064046144485474,3.502877712249756,0.3470194935798645
修改,0.2262592315673828,5.949931561946869,0.34659451246261597
强烈,0.21155071258544922,3.3648422956466675,0.354397714138031
效能,0.6311145126819611,13.53302201628685,0.4988165497779846
长远,0.6356562972068787,8.080703318119049,0.765399232506752
普遍,0.16040277481079102,4.238030850887299,0.7078126966953278
队员,0.31085389852523804,6.635676085948944,0.34460675716400146
首都,0.40163278579711914,4.1252968311309814,0.5658779442310333
公路,0.13144594430923462,3.518409013748169,0.291568398475647
联盟,0.20591163635253906,6.083121299743652,0.44938594102859497
上半年,0.2364720106124878,4.453823447227478,0.3710414171218872
秩序,0.3119150996208191,7.991051197052002,0.3532092571258545
一张,0.11826252937316895,3.145008146762848,0.2304307222366333
不到,0.11755925416946411,3.2804818749427795,0.24542826414108276
纠纷,0.3860985040664673,8.469833195209503,0.41578876972198486
物质,0.23175472021102905,4.953780770301819,0.6266824007034302
放在,0.16736632585525513,4.040320038795471,0.3461858630180359
结束,0.24462872743606567,2.9698671102523804,0.29576390981674194
未,0.3369603753089905,6.531047880649567,0.31747525930404663
妇女,0.16786348819732666,5.914007484912872,0.3314359188079834
伙伴,0.7111209034919739,14.819508671760559,0.8306332528591156
经常,0.18043547868728638,4.3772119879722595,0.4973410367965698
一个个,0.23479878902435303,6.3710325956344604,0.4418407082557678
变成,0.1868952512741089,3.995774507522583,0.3681466579437256
尤其,0.3827707767486572,11.01091992855072,0.46568572521209717
危机,0.23250728845596313,6.123427093029022,0.4284214973449707
日常,0.2578762173652649,8.058411836624146,0.44754868745803833
更是,0.3456918001174927,10.10263592004776,0.696336418390274
两年,0.3640216588973999,5.468409895896912,0.4041329622268677
处于,0.14291971921920776,2.596382439136505,0.39575833082199097
一座,0.10213255882263184,2.4400004148483276,0.2663024067878723
比较,0.21290946006774902,2.962011218070984,0.34929341077804565
深厚,0.38513582944869995,3.32598739862442,0.30835241079330444
发电,0.4293091893196106,6.059090554714203,0.5849010944366455
创造性,0.16168761253356934,4.400919020175934,0.4469730257987976
湖南,0.36971354484558105,7.0418397188186646,0.4235321879386902
公布,0.3137972950935364,5.493664383888245,0.2571757435798645
流动,0.4796437621116638,11.203116238117218,0.802169919013977
李,0.27719342708587646,6.3046934604644775,0.3232468366622925
仅,0.120364248752594,3.80646550655365,0.3383219838142395
在内,0.1349177360534668,4.077035427093506,0.47679394483566284
货物,0.15715879201889038,4.213801860809326,0.25929397344589233
人生,0.8165755420923233,16.205210134387016,0.808178722858429
车辆,0.2431035041809082,4.424544394016266,0.2996572256088257
安徽,0.3550388216972351,6.988605201244354,0.29597556591033936
已有,0.1553247570991516,3.691316843032837,0.4225340485572815
港口,0.3494718670845032,5.166312634944916,0.3042091131210327
对外,0.21354693174362183,4.799737393856049,0.33087044954299927
广州,0.302834153175354,5.242421090602875,0.348659873008728
年轻,0.36046427488327026,6.2478750348091125,0.5177861452102661
分钟,0.38089829683303833,7.262288749217987,0.66450634598732
流域,0.3746514916419983,6.408101260662079,0.5596887171268463
依然,0.5550302565097809,10.31971988081932,0.41965818405151367
听取,0.2639719247817993,4.341588020324707,0.4212118983268738
年代,0.8374663591384888,6.1058414578437805,0.7967584133148193
思考,0.4630833864212036,9.842175006866455,0.4196212887763977
员,0.3232712149620056,10.053481876850128,0.42127472162246704
速度,0.26807910203933716,3.7361913323402405,0.43012291193008423
题目,0.6380820274353027,16.37652736902237,0.7380899488925934
办好,0.48932963609695435,8.546747624874115,0.46821123361587524
供应,0.15830403566360474,3.4799848198890686,0.35572725534439087
依靠,0.24664586782455444,4.5342177748680115,0.3532475233078003
讨论,0.12578248977661133,3.2853342294692993,0.2450006604194641
就要,0.19247543811798096,6.417299032211304,0.39801496267318726
音乐,0.16492342948913574,4.529977202415466,0.2703500986099243
典型,0.3590512275695801,6.5436689257621765,0.4036559462547302
竞争,0.5488107800483704,7.8963218331336975,0.6586640477180481
防止,0.28872668743133545,4.7827834486961365,0.3237864375114441
陕西,0.20042306184768677,5.7152639627456665,0.32688581943511963
路上,0.2075260877609253,6.017802298069,0.49433642625808716
倡导,0.7179140448570251,13.818834096193314,0.8076740354299545
倍,0.33131206035614014,5.3621985912323,0.4116479754447937
主义,0.48757827281951904,12.503755688667297,0.594881534576416
海上,0.28444355726242065,6.286365985870361,0.4688541889190674
回答,0.16962730884552002,4.333169221878052,0.49562710523605347
壮大,0.1665736436843872,4.760223984718323,0.4289678931236267
趋势,0.4943355321884155,8.776565194129944,0.39454978704452515
出版,0.1601337194442749,3.0381109714508057,0.2998073101043701
气候,0.165580153465271,3.2469534873962402,0.4626725912094116
自动,0.23549842834472656,6.12725704908371,0.9212313815951347
贯穿,0.8178281038999557,15.072626307606697,0.7310859560966492
赋予,0.5620753765106201,10.214487254619598,0.7147441506385803
药品,0.34346044063568115,5.954945266246796,0.4590899348258972
第二个,0.8417981117963791,19.516650676727295,0.6374920904636383
作风,0.14400935173034668,3.6214556097984314,0.4517729878425598
采购,0.5586973428726196,9.939140558242798,0.5166076719760895
医生,0.10817420482635498,4.163901090621948,0.3426433801651001
温暖,0.431580126285553,5.363346517086029,0.34338319301605225
蔬菜,0.17051631212234497,4.173335313796997,0.4127436876296997
考虑,0.2436884045600891,4.479005455970764,0.5455060303211212
达成,0.38771194219589233,5.01483952999115,0.6057872176170349
支出,0.25813162326812744,5.456856667995453,0.3579902648925781
河南,0.20631402730941772,5.086509048938751,0.3348655700683594
机场,0.2526437044143677,3.898520529270172,0.31684058904647827
来源,0.5912891924381256,9.238977432250977,0.5907330811023712
上午,0.16416698694229126,3.02494740486145,0.36398351192474365
早,0.35234910249710083,5.4149903655052185,0.4709060788154602
亿美元,0.11481457948684692,2.2070034742355347,0.3815630078315735
下午,0.12619733810424805,2.748277187347412,0.30887913703918457
湖北,0.29050683975219727,5.489926099777222,0.2847457528114319
身边,0.2765589952468872,7.208554446697235,0.6417895555496216
留下,0.3836764693260193,5.554713129997253,0.5953339636325836
三是,0.8168470561504364,21.06140610575676,0.8993144258856773
治疗,0.17250502109527588,3.023347318172455,0.27170318365097046
江西,0.3496648669242859,7.296718537807465,0.4346439838409424
最好,0.3183104991912842,7.470422208309174,0.4407691955566406
武汉,0.47993004322052,7.788846850395203,0.38923048973083496
有着,0.31966495513916016,3.2799731492996216,0.325248122215271
老百姓,0.5290173888206482,10.94609022140503,0.26501381397247314
协定,0.20240771770477295,4.315997838973999,0.3340083956718445
车,0.24532169103622437,4.335463285446167,0.264767587184906
整个,0.21433168649673462,4.431032419204712,0.4547908306121826
宝贵,0.3104493021965027,4.387562334537506,0.31131070852279663
信用,0.8702244758605957,15.97520637512207,0.4556306004524231
省份,0.6535302698612213,14.797926992177963,0.5767847299575806
通信,0.7005773186683655,16.32381883263588,0.8609473407268524
少,0.1370716094970703,3.710815131664276,0.29933905601501465
时刻,0.5079457461833954,6.5538738667964935,0.5919735133647919
标志,0.41182059049606323,8.181649923324585,0.7382131814956665
工人,0.19305109977722168,4.081422328948975,0.4248817563056946
实际行动,0.36438196897506714,11.372472703456879,0.6598710417747498
决定性,0.4572333097457886,8.988891363143921,0.5687539875507355
积累,0.3262534737586975,5.522897660732269,0.2814878225326538
进出口,0.37508153915405273,7.663563549518585,0.48754751682281494
人数,0.14279621839523315,3.3516839742660522,0.2893071174621582
战胜,0.24287253618240356,3.6852457523345947,0.43517619371414185
五,0.2826414704322815,6.914532721042633,0.4120768904685974
小麦,0.12351542711257935,3.4809967279434204,0.24674558639526367
一片,0.10593843460083008,2.3341123461723328,0.3055662512779236
公众,0.5905866920948029,9.494918793439865,0.8599892556667328
天气,0.14673185348510742,4.155773997306824,0.45934122800827026
文章,0.19893592596054077,3.4315871596336365,0.38331377506256104
众多,0.5904048085212708,12.91133850812912,0.8211116343736649
民间,0.5513292551040649,8.655831217765808,0.6200340390205383
无法,0.1629638671875,5.107965171337128,0.36522001028060913
玉米,0.2025018334388733,3.677018702030182,0.3504101634025574
德国,0.35417813062667847,6.963033199310303,0.4615742564201355
文艺,0.30585354566574097,6.641687095165253,0.3331342339515686
首批,0.8103386014699936,21.58373934030533,0.7297877669334412
中小,0.6687120199203491,17.567923218011856,0.5674229860305786
保,0.5036109685897827,14.19520378112793,0.8413247764110565
广场,0.2335154414176941,3.970588803291321,0.20342814922332764
几年,0.2731248736381531,4.68809974193573,0.49840813875198364
打通,0.6115271151065826,15.302533745765686,0.6109153628349304
背后,0.476747989654541,12.071540296077728,0.6625223457813263
山,0.18691325187683105,5.363202512264252,0.3554500937461853
改进,0.1372775435447693,3.701784610748291,0.3311258554458618
城镇,0.26767927408218384,8.157756745815277,0.6408577263355255
参观,0.3257831931114197,3.8093860149383545,0.3610132932662964
人群,0.14595919847488403,4.727724015712738,0.6987727880477905
四,0.2383694052696228,7.047616600990295,0.5910437703132629
无,0.3663851022720337,6.536571025848389,0.32056158781051636
密切,0.10487419366836548,2.994466722011566,0.4594917893409729
土壤,0.28546571731567383,4.328380763530731,0.47507476806640625
配合,0.283704936504364,5.988628923892975,0.6848644614219666
爱,0.3502994775772095,5.509237766265869,0.2909475564956665
发出,0.1706112027168274,3.9518024921417236,0.2602757215499878
气象,0.35892027616500854,9.246801912784576,0.7632305026054382
计算,0.32361531257629395,5.633680105209351,0.5831322073936462
课堂,0.5092858076095581,7.629903316497803,0.6001274585723877
状态,0.2097104787826538,3.2195833921432495,0.4270200729370117
找,0.11167114973068237,2.883022904396057,0.17868882417678833
巴西,0.47511589527130127,10.049219965934753,0.4203650951385498
法院,0.48045670986175537,8.87066113948822,0.4991704821586609
相,0.3520321249961853,8.002218306064606,0.47791218757629395
新兴,0.6828935742378235,15.394809365272522,0.9056375697255135
多名,0.5690277516841888,4.891438454389572,0.664340615272522
原因,0.09487390518188477,2.7670368552207947,0.2645118236541748
电,0.32973915338516235,3.969463288784027,0.6333756148815155
基于,0.6150993704795837,16.112804144620895,0.5057381391525269
提前,0.41252046823501587,5.174344956874847,0.5871789753437042
事情,0.08050036430358887,2.5619001984596252,0.17210853099822998
一份,0.3804779052734375,5.308044016361237,0.35738086700439453
处分,0.5332759320735931,8.697601407766342,0.362862765789032
共有,0.2016758918762207,4.0187119245529175,0.47823578119277954
积极性,0.13100624084472656,2.036445677280426,0.3981437087059021
登记,0.6022239625453949,10.91664633154869,0.19325381517410278
心中,0.44104892015457153,6.021084308624268,0.5122660100460052
一位,0.1249077320098877,2.642496645450592,0.1933649182319641
江苏省,0.5034076571464539,6.502967357635498,0.6890497505664825
亿,0.21847206354141235,3.062105119228363,0.35732901096343994
台,0.45908188819885254,5.2445008754730225,0.794595405459404
收集,0.5014127790927887,8.259102076292038,0.4973980784416199
法国,0.39918363094329834,6.348057568073273,0.3744938373565674
容易,0.17239993810653687,3.566076874732971,0.293487548828125
草原,0.5410290360450745,5.649712920188904,0.45189738273620605
读者,0.6461531221866608,6.549041837453842,0.26014047861099243
考验,0.23355573415756226,3.480334520339966,0.29624372720718384
属于,0.23083418607711792,6.251943349838257,0.4030947685241699
课题,0.537491649389267,7.873938769102097,0.4830808639526367
特征,0.6766158640384674,12.145926624536514,0.596291720867157
两国人民,0.2282240390777588,2.2767438888549805,0.33723753690719604
中学,0.2028084397315979,5.118648648262024,0.2527296543121338
冲击,0.35108494758605957,8.256283044815063,0.5677275359630585
当年,0.6471649408340454,9.434787154197693,0.7125592529773712
证明,0.1165362000465393,3.9539276361465454,0.3278117775917053
打击,0.20061838626861572,3.6904658675193787,0.4688635468482971
陆续,0.30209648609161377,6.6297886967659,0.37680548429489136
秘书长,0.19720697402954102,3.889630079269409,0.2756287455558777
第一个,0.2935495376586914,7.860569775104523,0.3943459391593933
党员干部,0.7859711796045303,16.552047297358513,0.5231455862522125
正常,0.2926814556121826,5.203380584716797,0.5583120286464691
行,0.5924069881439209,15.48117083311081,0.4799306392669678
开工,0.33352041244506836,6.388459324836731,0.42958176136016846
埃及,0.6189555823802948,11.249268174171448,0.34174644947052
赴,0.5293560028076172,6.558608591556549,0.3222130537033081
县级,0.35377007722854614,8.686301469802856,0.43426811695098877
云南,0.5435748398303986,7.530758231878281,0.6365579664707184
村庄,0.18271684646606445,5.888384282588959,0.3858804702758789
河北省,0.4652057886123657,5.6830891370773315,0.746853232383728
公正,0.5171432495117188,7.52739942073822,0.47677505016326904
免费,0.4549226760864258,8.62487143278122,0.437899112701416
位,0.3804815411567688,6.769986510276794,0.41918814182281494
日子,0.1323748230934143,3.2498911023139954,0.16274696588516235
资助,0.7104703187942505,16.264688342809677,0.6506850123405457
段,0.3884115219116211,9.195203065872192,0.3149663209915161
指示,0.23044806718826294,5.68325138092041,0.4235122799873352
线路,0.49950623512268066,4.71225118637085,0.5327285528182983
送,0.12557214498519897,3.68603515625,0.22528785467147827
月底,0.424083948135376,7.3122997879981995,0.46356868743896484
官兵,0.37566959857940674,6.952780842781067,0.5201529860496521
桥梁,0.15441793203353882,4.1279613971710205,0.36710429191589355
写,0.114143967628479,2.6419241428375244,0.14653164148330688
曾经,0.21150606870651245,5.338628530502319,0.7425511479377747
工具,0.29343318939208984,6.62218177318573,0.5009388625621796
至今,0.34906452894210815,6.296669840812683,0.4550764560699463
同样,0.2710341215133667,9.083427369594574,0.5814347267150879
实验,0.6879143118858337,10.028151899576187,0.567999541759491
山东省,0.5142476558685303,6.457636177539825,0.7286855578422546
有所,0.30902427434921265,5.367199003696442,0.6179727613925934
心里,0.08367681503295898,2.1320536136627197,0.1745668649673462
指明,0.6644783318042755,12.031875431537628,0.7984722405672073
整理,0.3773425221443176,7.208865463733673,0.6947726011276245
仍然,0.22661495208740234,5.278903484344482,0.44227856397628784
定期,0.47824913263320923,6.28774619102478,0.5485970079898834
购买,0.24850916862487793,4.6805190443992615,0.323789119720459
避免,0.32619619369506836,5.840296030044556,0.2969556450843811
窗口,0.5035709142684937,11.632259726524353,0.8376924842596054
四川省,0.46088218688964844,9.810778319835663,0.6982427835464478
真实,0.2616662383079529,5.5206493735313416,0.2873424291610718
英雄,0.19454234838485718,4.986180365085602,0.373169481754303
最新,0.7264958322048187,8.468680292367935,0.7960020452737808
回到,0.25361472368240356,4.240294337272644,0.23213845491409302
表明,0.3893774747848511,4.425333917140961,0.4102550745010376
具备,0.37956535816192627,6.7665382623672485,0.4005580544471741
检验,0.646341860294342,8.69654929637909,0.6931582391262054
期,0.6736220121383667,8.936867654323578,0.4122326970100403
一件,0.08166956901550293,2.946277379989624,0.18516957759857178
普及,0.4215525984764099,7.819567084312439,0.570591390132904
本领,0.28061312437057495,6.496300637722015,0.497433066368103
会晤,0.5241361260414124,11.16058275103569,0.5065882205963135
费用,0.21401888132095337,4.153408348560333,0.31664395332336426
事件,0.4101012349128723,5.832309126853943,0.24554157257080078
建,0.6970981061458588,11.378433763980865,0.5814856290817261
大地,0.5964505672454834,6.740811079740524,0.6865700781345367
是否,0.2894492745399475,6.016116976737976,0.362051784992218
指挥,0.18708091974258423,4.879395365715027,0.28977662324905396
前所未有,0.6847213208675385,14.58810842037201,0.6596491038799286
善于,0.23827439546585083,5.639648914337158,0.3765413165092468
科学家,0.6117363572120667,8.458873748779297,0.43925631046295166
试验,0.308648943901062,4.329243242740631,0.39280271530151367
生长,0.2143648862838745,3.4427863359451294,0.50594562292099
论述,0.4500201344490051,7.726391494274139,0.8129086792469025
感到,0.152654767036438,2.2898834347724915,0.17296677827835083
仪式,0.2505759596824646,4.019813716411591,0.34605199098587036
大规模,0.15106922388076782,4.89583283662796,0.40463054180145264
问,0.16864615678787231,4.4712178111076355,0.19350534677505493
驻,0.14896070957183838,2.144556999206543,0.4487246870994568
部队,0.16537505388259888,4.458501040935516,0.333743691444397
事务,0.35282158851623535,5.531194746494293,0.6322109401226044
独立,0.1384565830230713,3.353768527507782,0.37977510690689087
交通运输,0.706992894411087,9.579600244760513,0.598038911819458
扶持,0.6873723864555359,12.843726724386215,0.7555678635835648
地说,0.0950738787651062,2.1114248633384705,0.15254658460617065
同事,0.7772185355424881,18.869568094611168,0.646894246339798
内蒙古,0.5637410283088684,7.16023713350296,0.7198154032230377
奇迹,0.33740144968032837,6.771745264530182,0.4687037467956543
场所,0.7687127590179443,12.250893294811249,0.7882700562477112
极大,0.13608187437057495,3.6006208062171936,0.41202622652053833
援助,0.15394073724746704,3.6675615906715393,0.42208439111709595
五年,0.30461180210113525,9.671032428741455,0.5053380131721497
新建,0.5033197999000549,5.06970602273941,0.5220026075839996
观念,0.331403911113739,5.762113451957703,0.3827071189880371
刚,0.1493922472000122,5.444032609462738,0.4215458631515503
目的,0.11179560422897339,3.136685788631439,0.33015280961990356
地球,0.5950042903423309,8.3130444586277,0.5414433777332306
队,0.2220982313156128,4.864423751831055,0.45906710624694824
状况,0.34050142765045166,5.442119598388672,0.47127479314804077
文学,0.36633622646331787,7.373654901981354,0.4242015480995178
自由,0.16540831327438354,4.512640655040741,0.34050124883651733
人士,0.18877404928207397,3.639191150665283,0.27788305282592773
声音,0.13317108154296875,3.7338826060295105,0.30249422788619995
请,0.2182399034500122,4.166649043560028,0.33932793140411377
相比,0.8039855808019638,10.21787916123867,0.7223887145519257
发扬,0.12716132402420044,3.068730115890503,0.22148579359054565
观察,0.4604603052139282,7.04867160320282,0.44543248414993286
西方,0.3073617219924927,5.126854956150055,0.35990065336227417
执政,0.48326897621154785,8.828774392604828,0.501922219991684
盼,0.4397960305213928,12.362449824810028,0.6927371621131897
人物,0.29719382524490356,4.83910745382309,0.44124388694763184
军事,0.19267737865447998,4.915854513645172,0.3925047516822815
家乡,0.2436199188232422,7.11530464887619,0.5267359614372253
率,0.35983359813690186,6.734866380691528,0.7679264396429062
连接,0.7753141969442368,12.650844886898994,0.6102831065654755
移动,0.48408055305480957,10.215912759304047,0.7049106061458588
破坏,0.18439698219299316,4.3500707149505615,0.3498689532279968
家门口,0.5786280930042267,20.28926718235016,0.6218691170215607
原,0.418424129486084,8.322648704051971,0.42913269996643066
三年,0.3697739243507385,6.796585142612457,0.5478792190551758
场,0.4295393228530884,7.954514741897583,0.5459246039390564
见,0.28194743394851685,6.502243638038635,0.38582754135131836
抓住,0.25088077783584595,5.771277606487274,0.5193724036216736
关切,0.37812697887420654,7.834283232688904,0.5751492381095886
下来,0.16667097806930542,4.728622198104858,0.34178781509399414
英国,0.23654711246490479,5.473351299762726,0.2986709475517273
成熟,0.48123764991760254,6.586827874183655,0.4257962703704834
光明,0.37747132778167725,7.771026790142059,0.275784432888031
南非,0.38231033086776733,7.43505471944809,0.6260857582092285
大事,0.21897685527801514,3.7468096017837524,0.2730119228363037
茶,0.6090553998947144,8.613596767187119,0.3878709673881531
很大,0.07036137580871582,1.8378296494483948,0.33336949348449707
有人,0.22570067644119263,4.006162345409393,0.17502522468566895
不可,0.1054161787033081,3.2930697202682495,0.32544130086898804
比重,0.3378136157989502,5.057614326477051,0.5170944333076477
不得,0.23312485218048096,5.960121214389801,0.24038231372833252
人大,0.8284579664468765,15.921384528279305,1.0592001788318157
理想,0.5120649039745331,5.925063461065292,0.6324607729911804
码头,0.27695226669311523,4.489046573638916,0.29283779859542847
话,0.06774961948394775,2.1491081714630127,0.22146457433700562
疾病,0.2515108585357666,3.8614363074302673,0.26713061332702637
丰收,0.14308381080627441,3.7617346048355103,0.2774675488471985
劳动者,0.5847569108009338,7.30669093132019,0.6679047644138336
一处,0.36086875200271606,8.20030426979065,0.4040720462799072
流通,0.9123442769050598,11.887101978063583,0.6081618070602417
背景,0.803872361779213,12.853054031729698,0.7519403249025345
主张,0.2130628228187561,5.753622770309448,0.34208357334136963
家里,0.09389680624008179,2.668098509311676,0.1338784098625183
消除,0.2863655686378479,5.39643794298172,0.407010018825531
知道,0.34431320428848267,4.163253843784332,0.1242862343788147
语言,0.35275620222091675,5.969520032405853,0.3914591670036316
负责同志,0.24151015281677246,5.206327974796295,0.30647552013397217
前提,0.5747089684009552,6.192775398492813,0.4478623867034912
现象,0.1277061104774475,3.0257416367530823,0.25443094968795776
纷纷,0.11745119094848633,3.671623170375824,0.4050230383872986
权利,0.14004814624786377,3.585269033908844,0.2664978504180908
喜欢,0.35473912954330444,5.973061621189117,0.25958937406539917
电话,0.21216827630996704,5.2708569169044495,0.5122519135475159
对象,0.5385190844535828,9.763811439275742,0.8480669111013412
手中,0.19391673803329468,4.706505715847015,0.6133456826210022
总经理,0.5973870158195496,8.904012084007263,0.5373417437076569
开设,0.5008573234081268,8.860304743051529,0.5553487837314606
决议,0.23377478122711182,4.77879399061203,0.46660900115966797
灾害,0.3627219796180725,4.705377101898193,0.4792177081108093
零,0.16994714736938477,3.7723347544670105,0.7277386784553528
东北,0.5913989841938019,7.900210946798325,0.5186394453048706
外国,0.207089364528656,5.375044167041779,0.3607310652732849
分配,0.2801598906517029,5.483451724052429,0.5253067016601562
即将,0.23181891441345215,6.248906314373016,0.31164222955703735
金山,0.9775583278387785,25.210008962079883,0.815900519490242
海,0.2769455313682556,8.197539567947388,0.6303342580795288
家园,0.7607904672622681,10.952457755804062,0.4519968628883362
本质,0.22952133417129517,6.013666450977325,0.47491776943206787
推荐,0.6365512609481812,13.23447898030281,0.5663394033908844
金,0.48172008991241455,11.003907799720764,0.5253548324108124
注意,0.15172678232192993,3.4106645584106445,0.3974565267562866
忠诚,0.38803648948669434,7.768731534481049,0.533287763595581
较大,0.4221618175506592,6.0338698625564575,0.5215647518634796
田间,0.2941799759864807,6.971771776676178,0.4999682903289795
距离,0.2932102084159851,5.9267566204071045,0.3637758493423462
主办,0.5920050144195557,8.972993224859238,0.707910567522049
非法,0.3022839426994324,6.278423070907593,0.3059067726135254
亲自,0.2525404691696167,5.177422285079956,0.46682560443878174
古,0.6207030117511749,12.706096887588501,0.7767947316169739
吨,0.08552902936935425,2.3360483646392822,0.20389175415039062
接待,0.5922576487064362,6.70914825797081,0.6941039264202118
观,0.9273013770580292,20.389535069465637,0.757148027420044
节约,0.3636302351951599,5.355746865272522,0.43277865648269653
煤炭,0.22623229026794434,5.1490232944488525,0.2934201955795288
山西,0.2852606177330017,6.528952121734619,0.339794397354126
防疫,0.6350308358669281,13.041040152311325,0.6485473215579987
共同努力,0.6645585298538208,6.405865788459778,0.48915499448776245
人工,0.5652558505535126,7.252721458673477,0.5052098333835602
做法,0.4699622392654419,5.759758174419403,0.6375168561935425
青海,0.6296738684177399,8.112108081579208,0.8956555798649788
后来,0.21529531478881836,7.195197761058807,0.3014330267906189
感谢,0.27675551176071167,3.731007397174835,0.3753013610839844
先,0.3040280342102051,7.089230060577393,0.3506621718406677
向前,0.26176244020462036,4.263697385787964,0.30441969633102417
国防,0.5056935250759125,8.689114600419998,0.7352601289749146
三个,0.28419846296310425,4.590648949146271,0.48849838972091675
普通,0.4438175559043884,7.1933780908584595,0.5051857531070709
职务,0.5572256743907928,7.281259089708328,0.641162097454071
初,0.3437119126319885,6.221751928329468,0.6845872402191162
清晰,0.5366460084915161,9.61398446559906,0.7511105537414551
毕业,0.12304270267486572,3.085256338119507,0.21802783012390137
机械,0.38240545988082886,4.823172032833099,0.4543514847755432
国内外,0.3730645775794983,7.54836493730545,0.5705547034740448
附近,0.08052951097488403,2.859560549259186,0.4078289270401001
对此,0.18554288148880005,4.8723742961883545,0.2887243628501892
重,0.348452627658844,5.7911635637283325,0.5540207922458649
很快,0.1867111325263977,5.116773545742035,0.36410319805145264
组,0.233972430229187,7.254802942276001,0.3979385495185852
兼,0.20171493291854858,4.022724390029907,0.1831190586090088
类型,0.32283759117126465,8.17221975326538,0.5001619458198547
发展壮大,0.5488884449005127,12.885685324668884,0.6650391817092896
补助,0.49846863746643066,9.426235854625702,0.3689395785331726
延续,0.5741814076900482,19.796303808689117,0.8723055720329285
刘,0.3057625889778137,7.596375405788422,0.42365360260009766
违反,0.45440828800201416,5.081393122673035,0.4555356502532959
必然,0.1398342251777649,4.802137911319733,0.47905153036117554
天下,0.34686416387557983,7.5474390387535095,0.61820387840271
万名,0.47226059436798096,12.171346843242645,0.631396621465683
初步,0.3894957900047302,5.5808494091033936,0.4524696469306946
不久前,0.6813893020153046,11.393977969884872,0.6965249180793762
意愿,0.5886181890964508,12.194776207208633,0.7325832545757294
几个,0.175481915473938,3.4345057010650635,0.28844529390335083
相对,0.733838677406311,11.124644994735718,0.6372814178466797
阳光,0.32081663608551025,3.5035345554351807,0.2386605143547058
树,0.2197098731994629,5.255937039852142,0.31946253776550293
唯一,0.19974595308303833,6.014291822910309,0.50444096326828
收到,0.240109384059906,4.575686275959015,0.33832329511642456
迎接,0.29912304878234863,7.28331446647644,0.3417971134185791
访问,0.3651164174079895,3.4184126257896423,0.588813841342926
令人,0.21796029806137085,4.084418714046478,0.37363553047180176
上海市,0.6133403480052948,7.205525636672974,0.6250345706939697
表演,0.2051023244857788,3.949625074863434,0.22781753540039062
会上,0.11032336950302124,3.5269073247909546,0.379804790019989
绝对,0.38562172651290894,8.749954342842102,0.5755535066127777
现有,0.5377040207386017,7.084674924612045,0.5080882012844086
大力发展,0.6858603358268738,9.355543732643127,0.679287314414978
勇于,0.8353219777345657,7.825071737170219,0.8787904158234596
之前,0.3118688464164734,9.151121973991394,0.8059823662042618
获悉,0.6592303812503815,16.185728311538696,0.7306815385818481
西安,0.26836711168289185,6.231188178062439,0.39232057332992554
统计,0.1286420226097107,3.738917291164398,0.4991285800933838
推行,0.4047244191169739,5.381636738777161,0.53610560297966
预防,0.47150683403015137,5.3876365423202515,0.3853756785392761
力争,0.7694651037454605,12.064547404646873,0.9431997612118721
飞行,0.3407776355743408,7.402076303958893,0.3292747735977173
几乎,0.1973232626914978,5.316522002220154,0.3790242075920105
南京,0.20730257034301758,6.3825348019599915,0.5404561460018158
更新,0.752394825220108,14.106800496578217,0.9340807422995567
限制,0.3993920683860779,5.69335800409317,0.24670565128326416
帮,0.2650935649871826,6.899620354175568,0.27027612924575806
短,0.23168683052062988,5.427200734615326,0.5169464647769928
着眼,0.5203338265419006,13.732326984405518,0.7130564153194427
只能,0.24031579494476318,5.9959240555763245,0.4036962389945984
分布,0.5633178353309631,7.043908655643463,0.5758122205734253
反复,0.24263888597488403,5.0725783705711365,0.5678072571754456
职工,0.2103492021560669,3.9178735613822937,0.5714151561260223
本地,0.4415249228477478,10.48153293132782,0.6931136548519135
前沿,0.34718990325927734,11.738903760910034,0.7242408692836761
无论是,0.6232665479183197,20.481282830238342,0.8805655762553215
荣誉,0.4554343819618225,7.20687860250473,0.4685090184211731
原来,0.3113986849784851,6.973889350891113,0.4916885495185852
感慨,0.46854931116104126,6.524353742599487,0.3325020670890808
林,0.7159269750118256,8.63185140490532,0.679546594619751
旅客,0.5417254269123077,6.6762358248233795,0.656109094619751
获,0.5507457256317139,7.475339770317078,0.7044216692447662
生产力,0.31771665811538696,4.450779557228088,0.5428462326526642
观点,0.14709830284118652,3.7943267822265625,0.6117217540740967
大桥,0.3870105743408203,6.712457716464996,0.3594939708709717
引入,0.7164356112480164,22.26385200023651,0.9599995091557503
今后,0.19231486320495605,4.312358319759369,0.4702916741371155
工业化,0.6196655631065369,9.022355318069458,0.6347779333591461
一号,0.41211724281311035,13.162649810314178,0.6489858627319336
最近,0.09660232067108154,3.225899636745453,0.730529248714447
予以,0.2621198892593384,5.454158067703247,0.2849634885787964
一致,0.1375333070755005,3.6114519238471985,0.3731423616409302
义务,0.23202258348464966,4.680322647094727,0.4399127960205078
灵活,0.3124132752418518,6.995023310184479,0.5661131143569946
动员,0.15153229236602783,4.975176990032196,0.26250213384628296
县城,0.4269331693649292,8.184719383716583,0.5191351473331451
既有,0.7712607383728027,18.88497167825699,0.8020202368497849
居,0.741012305021286,11.787501037120819,0.5683313608169556
清理,0.715450257062912,9.625367492437363,0.5317331552505493
网,0.6463020145893097,13.007875382900238,0.7122828364372253
对抗,0.5010858476161957,11.99513253569603,0.7204240560531616
简单,0.2362322211265564,4.7673646211624146,0.3483484387397766
这座,0.30937671661376953,5.229612708091736,0.4903401732444763
值得,0.1452215313911438,3.3867615461349487,0.2621331214904785
航空,0.38134658336639404,10.799492716789246,0.414226770401001
议程,0.496487021446228,8.392537713050842,0.5966958403587341
冲突,0.31914395093917847,6.734621584415436,0.3586161732673645
意志,0.19095224142074585,5.21952897310257,0.3406197428703308
编制,0.5988450050354004,13.348904818296432,0.5831589698791504
态度,0.08967888355255127,2.3492366075515747,0.24037379026412964
大豆,0.39319610595703125,7.077775657176971,0.4350488781929016
千年,0.745032787322998,13.278904259204865,0.7298465669155121
父亲,0.14316272735595703,4.540837585926056,0.22310948371887207
平安,0.7823334038257599,24.117408245801926,0.6959123313426971
建造,0.4571126699447632,6.758635461330414,0.3142595887184143
安置,0.7017670273780823,13.838159143924713,0.3955692648887634
适合,0.24985957145690918,5.887052893638611,0.4817947745323181
付出,0.19703537225723267,3.9809837341308594,0.39974963665008545
看来,0.39210158586502075,9.427238464355469,0.9068506583571434
往往,0.34602147340774536,6.199281215667725,0.3476199507713318
题材,0.5082411170005798,6.440564393997192,0.45176178216934204
馆,0.8133173882961273,13.405773162841797,0.6845180690288544
房屋,0.1730036735534668,4.314744651317596,0.21189093589782715
陈,0.3662577271461487,9.030584931373596,0.48087501525878906
甘肃,0.4636068344116211,7.19533634185791,0.3576974868774414
一支,0.19429033994674683,3.1917128562927246,0.39455240964889526
争取,0.17520511150360107,4.28799432516098,0.5643876194953918
前往,0.14087408781051636,3.002230644226074,0.3772047162055969
钱,0.10079175233840942,2.725900948047638,0.13309884071350098
之中,0.46126800775527954,5.844057679176331,0.5903368294239044
真,0.2114996314048767,6.055069923400879,0.31990671157836914
学术,0.587205320596695,9.942004650831223,0.40660321712493896
克服,0.12312912940979004,3.2092947363853455,0.37301111221313477
资料,0.5873813033103943,5.006790399551392,0.533927321434021
会同,0.7192113399505615,15.173103928565979,0.7334921061992645
响应,0.20861250162124634,6.990421295166016,0.647614598274231
旗帜,0.19358092546463013,4.116296947002411,0.30329620838165283
庆祝,0.15645891427993774,3.752445936203003,0.27006256580352783
忙,0.19201654195785522,3.7316460013389587,0.19930928945541382
农场,0.2649555206298828,6.928586423397064,0.4567776322364807
度,0.6420579254627228,6.005131155252457,0.984934538602829
摆在,0.3343793749809265,5.126355290412903,0.6620364785194397
难以,0.535234659910202,10.041683048009872,0.4960212707519531
来看,0.39344680309295654,9.583649456501007,0.5508212447166443
终于,0.18309980630874634,3.6067410111427307,0.4055386781692505
周围,0.46456092596054077,6.561933755874634,0.425406813621521
受益,0.552905946969986,12.476273328065872,0.9792037159204483
辉煌,0.1397671103477478,4.6673067808151245,0.6451144516468048
三大,0.829319030046463,19.085530936717987,0.7518290132284164
双,0.5378454327583313,16.425269663333893,0.6796511709690094
列车,0.3973250985145569,5.163636684417725,0.3362892270088196
美术,0.5381916761398315,7.936985194683075,0.260137140750885
内部,0.2108604907989502,6.1550474762916565,0.4887171983718872
动作,0.38138097524642944,4.591513216495514,0.37401020526885986
老年,0.7952776849269867,12.459828406572342,0.7820306718349457
解决问题,0.3802446722984314,6.249143004417419,0.4196332097053528
开拓,0.5608342289924622,11.003293067216873,0.6430803835391998
常委会,0.6514342725276947,10.767248064279556,0.48652374744415283
河南省,0.5318591296672821,6.755750089883804,0.6275773346424103
完,0.15896129608154297,4.601910293102264,0.2861723303794861
做出,0.25500649213790894,4.2749311327934265,0.5963709950447083
亲切,0.10724008083343506,2.5259339809417725,0.22364675998687744
结算,0.3874324560165405,11.227457225322723,0.6136977672576904
阿拉伯,0.24403291940689087,6.636961579322815,0.24165374040603638
奠定,0.2458810806274414,4.777918338775635,0.4220677614212036
远,0.6041923463344574,6.988474041223526,0.3205103874206543
爱国,0.4443051218986511,6.659193992614746,0.5068275928497314
重建,0.9376302994787693,14.95155668631196,0.6080270409584045
回忆,0.2849043607711792,7.145729243755341,0.46195900440216064
当天,0.1755548119544983,4.197049677371979,0.4041439890861511
板,0.35750627517700195,11.343469858169556,0.864478588104248
损害,0.2524610757827759,4.344392776489258,0.2811291813850403
往来,0.5283234417438507,8.991001933813095,0.7473544478416443
方,0.8149665147066116,19.989103570580482,0.7205312252044678
权威,0.5447743237018585,14.742878019809723,0.6496647000312805
之际,0.30427026748657227,6.31519091129303,0.4120293855667114
牢固,0.7999281883239746,9.169280678033829,0.8019613921642303
读书,0.45322346687316895,7.774136126041412,0.3398592472076416
首席,0.6805833876132965,11.730597257614136,0.7052291631698608
遗产,0.519854336977005,10.891818970441818,0.7703258991241455
中国政府,0.5970949232578278,7.495185196399689,0.5656409859657288
地上,0.20647013187408447,4.646640777587891,0.4654805064201355
主,0.77678482234478,23.354337468743324,1.0181682836264372
轨道,0.6203966438770294,8.635814517736435,0.6330556571483612
杨,0.31110334396362305,9.31159782409668,0.5626929402351379
座,0.4642041325569153,6.677992582321167,0.35561221837997437
为此,0.4785451889038086,9.4127037525177,0.6064982414245605
大众,0.6698879301548004,18.358154356479645,0.6096397340297699
一代,0.4085548520088196,4.876118421554565,0.29479342699050903
模型,0.5637143552303314,9.822423577308655,0.7200937271118164
重新,0.26178789138793945,7.4525293707847595,0.4084128141403198
纪律,0.2404000163078308,6.276129245758057,0.28081178665161133
办事,0.36919403076171875,5.84488582611084,0.47526848316192627
六,0.31678956747055054,7.368417680263519,0.5830170810222626
厅,0.7332719564437866,13.80525404214859,0.5391706824302673
必要,0.2384181022644043,5.167623043060303,0.24234354496002197
令,0.8805661574006081,20.57334680110216,0.9215379804372787
宽,0.23611736297607422,4.016765773296356,0.2909877300262451
越南,0.6333336532115936,6.771489471197128,0.3968707323074341
临时,0.7734125405550003,12.159526750445366,0.6475439965724945
船舶,0.43332386016845703,9.828977167606354,0.31723344326019287
宗旨,0.5166515707969666,10.107063949108124,0.4041730761528015
热爱,0.2983476519584656,3.99310302734375,0.33144211769104004
构成,0.5389259457588196,10.40460056066513,0.4791759252548218
工程师,0.3416924476623535,6.8318135142326355,0.3733576536178589
负担,0.27002304792404175,4.466080665588379,0.2832973003387451
热烈,0.075298011302948,2.0220818519592285,0.2556324005126953
高级,0.2963169813156128,6.86063015460968,0.45334160327911377
人心,0.4161444306373596,10.678638637065887,0.5251984894275665
学员,0.3281811475753784,6.108811020851135,0.3358536958694458
买,0.10515803098678589,2.4759103655815125,0.19054687023162842
打破,0.32064908742904663,5.975738227367401,0.5689903199672699
红,0.26985305547714233,8.38194078207016,0.30230915546417236
货运,0.4427177906036377,9.987468659877777,0.5069893002510071
一点,0.1418033242225647,4.207936644554138,0.2753683924674988
端,0.29730963706970215,9.075262188911438,0.5337801277637482
城区,0.6212199926376343,16.065223455429077,0.5943209528923035
前来,0.38591504096984863,4.77212518453598,0.42728227376937866
经费,0.38241463899612427,7.035801887512207,0.39521676301956177
出去,0.26518714427948,6.842920780181885,0.5357801914215088
前途,0.3339959979057312,5.470430076122284,0.3337893486022949
黑龙江,0.31341326236724854,7.268990576267242,0.32899487018585205
记忆,0.6864502429962158,12.597048819065094,0.49532049894332886
开幕,0.4969629645347595,4.151537835597992,0.3374914526939392
一大批,0.777691051363945,15.676425859332085,0.821524441242218
外部,0.8131488561630249,14.321339398622513,0.8356420546770096
图书馆,0.5352309942245483,8.984618961811066,0.4091518521308899
驾驶,0.2239885926246643,5.211772263050079,0.36758071184158325
蓬勃发展,0.6319584250450134,10.757865846157074,0.5059800744056702
公约,0.7690715938806534,10.86789883673191,0.515819251537323
田,0.26973628997802734,6.75087171792984,0.5633943378925323
集,0.8216020911931992,12.550499692559242,0.7469466328620911
不够,0.2866544723510742,4.414627432823181,0.312719464302063
限度,0.22624027729034424,4.365726053714752,0.571313202381134
呼吁,0.21066683530807495,4.992422819137573,0.2969214916229248
公民,0.3537920117378235,8.420798659324646,0.5605751872062683
手,0.1277267336845398,3.1553181409835815,0.18129855394363403
古城,0.6940729320049286,13.153308063745499,0.45863455533981323
教育部,0.6569251418113708,12.117700964212418,0.6223715245723724
竞赛,0.44107162952423096,7.359159290790558,0.6304267644882202
逻辑,0.5937260687351227,11.084831893444061,0.6505378186702728
外长,0.4082333445549011,7.318726539611816,0.46537256240844727
依据,0.49120455980300903,9.958792924880981,0.518025666475296
不再,0.4178582429885864,11.145602464675903,0.7438547611236572
飞机,0.18931090831756592,3.7170013189315796,0.3689081072807312
食物,0.4174056649208069,9.3092120885849,0.45460158586502075
聚集,0.4728321433067322,8.956374049186707,0.7585878372192383
觉得,0.16482329368591309,3.63608318567276,0.14327961206436157
协助,0.3004264831542969,6.955762624740601,0.4257766604423523
高地,0.5758221447467804,15.051653414964676,0.7762666344642639
中外,0.859697014093399,15.127462446689606,0.6932306289672852
本国,0.3755016326904297,8.068515479564667,0.5875819027423859
增添,0.6695859432220459,8.044835686683655,0.7230655550956726
债务,0.5871050655841827,9.101255267858505,0.6209520399570465
优良,0.29293447732925415,6.535729765892029,0.5210074484348297
用水,0.3619765043258667,7.49779736995697,0.7339068651199341
未有,0.6311681866645813,18.949020504951477,0.5653782784938812
发起,0.2985013723373413,8.895674526691437,0.4877472519874573
光荣,0.16690713167190552,4.774589240550995,0.3534848690032959
发言,0.14784693717956543,3.8193969130516052,0.2793365716934204
多样,0.4629501700401306,9.496587872505188,0.4003135561943054
局长,0.4595569372177124,5.05174720287323,0.2761957049369812
干事,0.7703912258148193,18.484170258045197,0.9230413809418678
装置,0.3699246048927307,5.179119944572449,0.4575704336166382
吉林省,0.5199563801288605,8.64468964934349,0.678281158208847
上市,0.41319817304611206,7.208992004394531,0.5168944597244263
起点,0.6423311829566956,16.965295493602753,0.6406801342964172
遭遇,0.4510149359703064,9.289118707180023,0.4133602976799011
管理局,0.6919871866703033,7.378497987985611,0.3932117819786072
这片,0.6347812712192535,10.845648676156998,0.7677309811115265
气,0.2979375720024109,8.783449411392212,0.5702784657478333
节目,0.24903970956802368,3.89300936460495,0.28639060258865356
艰巨,0.23877745866775513,2.8500803112983704,0.3485267162322998
一块,0.10692423582077026,3.2803655862808228,0.20303422212600708
三级,0.5717596113681793,11.523360818624496,0.5566750764846802
长城,0.4577736258506775,11.780361890792847,0.4798111915588379
河流,0.4266718029975891,5.037906527519226,0.41835707426071167
第三,0.45986026525497437,10.646109223365784,0.5281650125980377
发射,0.650547593832016,6.269172042608261,0.591079831123352
以后,0.18910175561904907,4.782983422279358,0.39396142959594727
人民军队,0.33137601613998413,10.86924558877945,0.32247620820999146
细节,0.61894890666008,13.543307781219482,0.7643250674009323
同胞,0.30798816680908203,6.517990291118622,0.489962637424469
劳动力,0.3814038038253784,4.7236438393592834,0.541484534740448
字,0.21162265539169312,4.045077204704285,0.3001965284347534
一级,0.3178688883781433,8.050962209701538,0.5938125848770142
副局长,0.5628329217433929,6.364457815885544,0.40675050020217896
意味着,0.4831082820892334,10.800081253051758,0.6382753252983093
至少,0.4452012777328491,9.782554686069489,0.3299461007118225
假期,0.545155793428421,14.74652248620987,0.7726739794015884
灌溉,0.1847795844078064,3.542210102081299,0.32205814123153687
群,0.6569127142429352,19.80200546979904,0.8095307052135468
司机,0.19866758584976196,5.054617464542389,0.32381123304367065
师生,0.38760119676589966,6.898599207401276,0.35009920597076416
列入,0.5908469259738922,6.943298429250717,0.4811442494392395
小组,0.45733642578125,5.785011529922485,0.5464788377285004
司,0.4792572855949402,5.419256865978241,0.7241798341274261
一部分,0.24272644519805908,5.47902637720108,0.3759470582008362
全区,0.21901953220367432,5.831036686897278,0.5446994602680206
国土,0.44216012954711914,8.907802879810333,0.7183222770690918
说明,0.20832544565200806,5.040745139122009,0.37040281295776367
印象,0.19891756772994995,2.9286240935325623,0.29949069023132324
国民经济,0.3903459310531616,5.254071652889252,0.5768280625343323
发言人,0.17855381965637207,3.6603342294692993,0.41281062364578247
东部,0.2251063585281372,4.737206280231476,0.37380796670913696
理事会,0.37538957595825195,6.571920037269592,0.4022420644760132
同学,0.40788793563842773,6.328681588172913,0.21683448553085327
东方,0.5383906066417694,12.138873785734177,0.5857059955596924
真理,0.31027889251708984,6.842797338962555,0.37084275484085083
总额,0.20594125986099243,4.033312439918518,0.2944071888923645
家长,0.35555797815322876,7.029586434364319,0.4383082389831543
奖励,0.6355416178703308,7.686090499162674,0.29059308767318726
报,0.18655484914779663,4.452306687831879,0.39953136444091797
地面,0.3883553743362427,6.720957159996033,0.4222107529640198
敢于,0.37919843196868896,5.876762866973877,0.669452965259552
图,0.5825356543064117,13.803649365901947,0.8067168444395065
每次,0.2859213352203369,6.881176829338074,0.3898305892944336
面前,0.1315707564353943,3.4456992149353027,0.2730786204338074
晚上,0.13237351179122925,3.005651116371155,0.1398724913597107
水利,0.20496809482574463,5.667224645614624,0.35417765378952026
演员,0.39455240964889526,4.322842955589294,0.3529433608055115
总是,0.17832380533218384,5.284517765045166,0.30764007568359375
国外,0.338054895401001,7.14115047454834,0.567014068365097
发行,0.25705718994140625,5.5984625816345215,0.4117835760116577
旨在,0.8489095866680145,11.192745238542557,0.8296010494232178
物,0.6218855977058411,14.864698588848114,0.8027946203947067
全县,0.280501127243042,3.978023946285248,0.33267492055892944
税收,0.5858039557933807,9.538940370082855,0.4254918694496155
合同,0.22106552124023438,5.579766154289246,0.25501930713653564
相继,0.4195287823677063,11.687225461006165,0.6329603493213654
创办,0.6280186772346497,9.538915574550629,0.3362628221511841
护理,0.4895762801170349,8.251947402954102,0.6805716753005981
爱国主义,0.5386911630630493,8.124467074871063,0.5966708958148956
精心,0.6254802644252777,8.169234305620193,0.7701344341039658
寻找,0.3379318118095398,7.744763791561127,0.42941659688949585
自治区,0.6137511730194092,5.4032096564769745,0.7537612468004227
花,0.24999409914016724,4.6688016057014465,0.48122793436050415
卖,0.24334794282913208,3.7121495604515076,0.1558140516281128
制,0.5606280267238617,9.591629832983017,0.4785383939743042
身体,0.2033613920211792,4.070901155471802,0.3594907522201538
缩影,0.6456193625926971,24.309659272432327,0.7768636494874954
随后,0.5904997289180756,16.264738023281097,0.6435593068599701
不懈,0.4135928750038147,6.966182470321655,0.19921356439590454
居住,0.43819737434387207,6.184677004814148,0.34418970346450806
不要,0.17982029914855957,3.9521958231925964,0.2515262961387634
河,0.27249330282211304,4.476082503795624,0.20602810382843018
主权,0.1483292579650879,3.8482106924057007,0.2318602204322815
习惯,0.3131651282310486,6.362580418586731,0.4105202555656433
紧急,0.46847760677337646,9.03340345621109,0.5966116786003113
谈,0.23158150911331177,7.375716805458069,0.698075145483017
同期,0.4935382604598999,7.03606241941452,0.5628672540187836
奖,0.7004214525222778,10.988571226596832,0.42070144414901733
讲解,0.3005130887031555,9.067367434501648,0.49044495820999146
更要,0.5440376698970795,15.714614182710648,0.6637187600135803
当选,0.5014369189739227,8.573600083589554,0.4426964521408081
感觉,0.2922742962837219,7.4041982889175415,0.36419057846069336
河道,0.3820455074310303,5.177693426609039,0.4081416130065918
信任,0.3322221040725708,7.10969614982605,0.3121039867401123
山区,0.5568772852420807,4.811140686273575,0.6637363135814667
受灾,0.4452757239341736,11.049399733543396,0.4922771453857422
生,0.4488709568977356,10.602308332920074,0.8480582982301712
清,0.5476383566856384,13.764389127492905,0.5966090261936188
补充,0.607379138469696,10.643643915653229,0.4677199721336365
抗击,0.5702837705612183,8.99509310722351,0.5203098654747009
内在,0.7767574042081833,17.36988489329815,0.9142856597900391
拿出,0.20928555727005005,6.5441383719444275,0.33772528171539307
捍卫,0.6796810030937195,8.176833748817444,0.8092479258775711
名单,0.5808623135089874,10.712732344865799,0.39736872911453247
接触,0.6205229461193085,8.405551046133041,0.5816874802112579
放心,0.4583105444908142,8.311197340488434,0.5475062727928162
减轻,0.2840288281440735,4.718993008136749,0.23401010036468506
照片,0.21479982137680054,4.052398920059204,0.3408166766166687
代表性,0.6545530557632446,12.520875245332718,0.6631248593330383
一度,0.2842332124710083,9.831998944282532,0.5772800147533417
敢,0.46066468954086304,6.86954653263092,0.43831193447113037
全世界,0.1529950499534607,5.285278141498566,0.4128264784812927
足,0.4703870415687561,14.678307056427002,0.6112389862537384
立即,0.10492515563964844,3.4219412207603455,0.30046409368515015
高兴,0.08727538585662842,2.5601879358291626,0.22295492887496948
团体,0.4171905517578125,5.651248335838318,0.29580533504486084
战争,0.1419493556022644,4.083217978477478,0.4456549286842346
紧张,0.0974200963973999,3.587849497795105,0.32837653160095215
同意,0.14591175317764282,4.645902335643768,0.29667335748672485
石油,0.1884724497795105,4.944767475128174,0.24752146005630493
学者,0.6442663669586182,8.381196320056915,0.48614197969436646
抵达,0.3239503502845764,4.696170628070831,0.3486918807029724
巴黎,0.48331916332244873,9.691543221473694,0.7518094033002853
忙碌,0.4044487476348877,12.201282441616058,0.2455703616142273
提,0.5676598846912384,10.46578261256218,0.6412910521030426
加上,0.35211801528930664,8.744684994220734,0.46859240531921387
黄,0.5740761160850525,10.71961522102356,0.6443451344966888
变得,0.3290331959724426,5.101822018623352,0.2818702459335327
提醒,0.47847920656204224,9.87613445520401,0.6917060017585754
接近,0.28352075815200806,8.912315130233765,0.729063481092453
调动,0.4649515748023987,5.54067850112915,0.8864720910787582
东,0.4431154131889343,8.925150275230408,0.284041166305542
危险,0.20031791925430298,5.229737281799316,0.23514366149902344
延安,0.4652577042579651,9.016965329647064,1.0395059883594513
每月,0.2009182572364807,4.790478467941284,0.33251285552978516
意大利,0.40683478116989136,7.813714027404785,0.4973536729812622
马,0.2950313091278076,8.436168491840363,0.5151595771312714
增多,0.22414594888687134,4.7005974650383,0.4009542465209961
锻炼,0.1829102635383606,4.315162122249603,0.42835384607315063
熟悉,0.3343735337257385,6.865453660488129,0.2516457438468933
充实,0.33609235286712646,8.5093292593956,0.438781201839447
太平洋,0.5362798273563385,8.02961939573288,0.4060481786727905
愿意,0.28137046098709106,5.8174527287483215,0.2773205041885376
先生,0.2881355881690979,6.000128746032715,0.27426642179489136
配备,0.3393569588661194,7.639115929603577,0.4547272324562073
古代,0.4832170009613037,7.019780695438385,0.47945624589920044
筹办,0.954506378620863,27.46082777902484,1.0039874007925391
权力,0.48548322916030884,6.512075245380402,0.3932592272758484
威胁,0.15481030941009521,3.508181869983673,0.21345239877700806
判断,0.48698151111602783,10.180048048496246,0.48113977909088135
活跃,0.19790315628051758,5.030721306800842,0.3576163053512573
市委,0.6003879010677338,5.712760001420975,0.28595900535583496
身份,0.5081399381160736,11.586344093084335,0.6516034007072449
眼前,0.44524872303009033,5.899847984313965,0.47344642877578735
阐述,0.6849607825279236,9.309254795312881,0.6018299460411072
模范,0.34838342666625977,4.59186452627182,0.25320178270339966
以往,0.45706403255462646,12.376416563987732,0.7286646962165833
格外,0.5391331017017365,6.28610947728157,0.4711589217185974
用心,0.5750533640384674,20.44034969806671,0.9200802221894264
派出,0.2235034704208374,4.09393036365509,0.47582632303237915
若干,0.6333549320697784,13.450373888015747,0.7734056562185287
走上,0.2533273696899414,3.953124761581421,0.31582021713256836
分裂,0.3159800171852112,5.983140766620636,0.28952616453170776
签订,0.12634515762329102,3.2717264890670776,0.4439693093299866
信念,0.4000626802444458,6.929881155490875,0.42416757345199585
刚刚,0.3758143186569214,7.911340832710266,0.44421225786209106
缺乏,0.1580193042755127,4.0539708733558655,0.44740694761276245
古老,0.7365166544914246,8.457805544137955,0.4703208804130554
联合会,0.11057102680206299,4.08222496509552,0.2276899814605713
烈士,0.14051687717437744,5.023861944675446,0.27470099925994873
骨干,0.36465173959732056,6.986230790615082,0.49598872661590576
始终保持,0.7407989501953125,14.613133281469345,0.5722045004367828
无数,0.20235520601272583,6.39108270406723,0.35868382453918457
走过,0.3042253255844116,4.48649001121521,0.5700002014636993
浪费,0.2303139567375183,4.778384566307068,0.28090739250183105
明年,0.28950273990631104,7.260070264339447,0.43425673246383667
工资,0.13245415687561035,3.0559076070785522,0.25167590379714966
消息,0.28764259815216064,4.177538752555847,0.2441921830177307
势力,0.14299720525741577,3.997946321964264,0.4933054447174072
腐败,0.567282646894455,11.871442645788193,0.7341996729373932
地处,0.6300308704376221,6.254469275474548,0.5574570596218109
货车,0.29152828454971313,7.126020073890686,0.3459653854370117
指,0.4431200623512268,12.986857116222382,0.6300087869167328
茶叶,0.46665871143341064,6.984935164451599,0.3372405171394348
多方,0.6309527456760406,15.685534507036209,0.6803469359874725
下去,0.2141140103340149,4.998702049255371,0.3514728546142578
总部,0.42956894636154175,9.257211446762085,0.5938023328781128
战斗,0.11391019821166992,3.655262529850006,0.34779393672943115
硬,0.2481871247291565,7.430313050746918,0.40597009658813477
迈进,0.27382737398147583,6.683031976222992,0.49200987815856934
一幅,0.17943096160888672,3.4292872548103333,0.3406199812889099
享有,0.20143544673919678,5.9578505754470825,0.29266560077667236
深,0.2841634750366211,5.713964581489563,0.29162174463272095
富,0.5699501633644104,13.154685199260712,0.409820020198822
饭碗,0.4427762031555176,14.44734787940979,0.5205341577529907
所谓,0.21516811847686768,6.654698014259338,0.3666028380393982
约束,0.7373615801334381,12.598917871713638,0.6950922608375549
活,0.50953209400177,6.972549915313721,0.6202660202980042
伴随,0.6674597561359406,17.521488904953003,0.4095388650894165
调节,0.6656455099582672,11.279943645000458,0.6369411647319794
人人,0.2937948703765869,6.6450477838516235,0.3797171115875244
藏,0.35811465978622437,9.354248642921448,0.5918213725090027
增产,0.2755100727081299,4.287429630756378,0.34458667039871216
适用,0.5148333609104156,11.58935222029686,0.4861389398574829
应有,0.25641709566116333,5.706627905368805,0.5715998709201813
保存,0.43884962797164917,8.845861732959747,0.5585271716117859
资格,0.5198445916175842,10.558531105518341,0.4818611145019531
周,0.4976508617401123,16.31039422750473,0.6751480400562286
可靠,0.4210766553878784,6.762884497642517,0.6108649373054504
纪念,0.2324610948562622,4.5088478326797485,0.3244461417198181
信仰,0.7163515686988831,10.580916166305542,0.739402711391449
勇气,0.16550850868225098,5.27949196100235,0.36904609203338623
干涉,0.1743687391281128,3.8374568223953247,0.17418599128723145
带头,0.17838305234909058,6.4051477909088135,0.4501916766166687
桥,0.2520216703414917,7.575973749160767,0.27223896980285645
苏州,0.532712310552597,10.803372472524643,0.41814541816711426
称,0.8640812784433365,11.333062902092934,0.3188668489456177
损失,0.13522833585739136,3.2368012070655823,0.2764304280281067
创,0.518223911523819,10.250464051961899,0.7323280572891235
南方,0.6016921699047089,11.116566985845566,0.5641444325447083
信号,0.48527848720550537,11.125651836395264,0.7236715257167816
综合性,0.7765354216098785,15.162583380937576,0.7655162960290909
通,0.46228545904159546,12.071350991725922,0.5353430807590485
一部,0.25873708724975586,6.275654733181,0.8375469148159027
防,0.7042242288589478,13.216702669858932,0.5954283773899078
营养,0.376258909702301,6.4374712109565735,0.35607439279556274
不敢,0.17670637369155884,5.405179679393768,0.33939725160598755
一套,0.25816893577575684,5.798943102359772,0.3889482617378235
富有,0.6833501756191254,6.2946597039699554,0.5910045504570007
喜爱,0.487179696559906,6.710880637168884,0.5931940972805023
待遇,0.4951915144920349,8.080567002296448,0.31153422594070435
抓紧,0.33360856771469116,6.217848598957062,0.6153315305709839
矿山,0.3274603486061096,8.932273864746094,0.5283706188201904
评论,0.22517555952072144,4.5330363512039185,0.2528143525123596
干净,0.20373785495758057,5.4357417821884155,0.5288724899291992
深深,0.2445879578590393,4.33291482925415,0.28685426712036133
拉,0.3074873685836792,6.434644103050232,0.3226325511932373
兴,0.9011896550655365,22.046019464731216,0.7805929332971573
客观,0.4086775779724121,5.109734237194061,0.4511687159538269
跟着,0.22596853971481323,7.056439638137817,0.3047548532485962
继承,0.38029003143310547,6.0829079151153564,0.3615037798881531
手术,0.24968045949935913,4.109597980976105,0.26290106773376465
详细,0.19055181741714478,5.418125748634338,0.3554994463920593
洪水,0.29333311319351196,4.53981339931488,0.37359845638275146
西班牙,0.4459307789802551,9.26864230632782,0.42229264974594116
策略,0.4584074020385742,11.623951077461243,0.6686833798885345
新加坡,0.5223690271377563,12.651370823383331,0.46081429719924927
营业,0.36905139684677124,9.728994727134705,0.4359939694404602
渔业,0.463567316532135,11.48076617717743,0.41043341159820557
地下,0.5128098726272583,8.139900207519531,0.6649546027183533
瞄准,0.4482274055480957,13.219320118427277,0.7575294673442841
村子,0.39826422929763794,9.420112669467926,0.2864345908164978
缩短,0.35202932357788086,5.4741774797439575,0.46410202980041504
版,0.38870102167129517,7.0976967215538025,0.40481168031692505
提交,0.4083544611930847,6.900386393070221,0.4170175790786743
接到,0.1850023865699768,5.29548567533493,0.3321065306663513
方针,0.1613786816596985,3.4562020301818848,0.5100095868110657
紧紧,0.2249605655670166,4.490163803100586,0.24132293462753296
这项,0.7466988265514374,6.355193138122559,0.6533594131469727
编,0.45103585720062256,13.916611850261688,0.5421339869499207
大道,0.26308125257492065,6.2273290157318115,0.3088013529777527
农作物,0.2585364580154419,4.810969173908234,0.34578949213027954
变为,0.44191932678222656,11.860189318656921,0.5616228878498077
东西,0.18599951267242432,3.9414750933647156,0.3064422011375427
哲学,0.5975515246391296,7.107260644435883,0.6565219163894653
反,0.33221131563186646,7.260651886463165,0.3980657458305359
死亡,0.21002990007400513,4.85972136259079,0.3879746198654175
心理,0.626253753900528,10.261678874492645,0.5550825595855713
国家主权,0.33265864849090576,6.017783045768738,0.5721440017223358
得以,0.5163173675537109,10.430240333080292,0.4733715057373047
校长,0.3684943914413452,6.8172226548194885,0.2606216073036194
圈,0.6779540777206421,17.064159750938416,0.9026810005307198
获取,0.6057651340961456,15.527740955352783,0.6717628240585327
同行,0.8469127714633942,22.516055092215538,0.8830695450305939
大厅,0.5326034128665924,5.257143944501877,0.45017850399017334
笑,0.2795056700706482,4.83616441488266,0.11840492486953735
沙漠,0.5266082584857941,7.247533947229385,0.6939025521278381
称为,0.55489182472229,10.273781299591064,0.645531415939331
提案,0.4961230158805847,7.525548040866852,0.399355411529541
向上,0.7884064763784409,13.341271445155144,0.6932812929153442
询问,0.3400401473045349,8.404699802398682,0.306022047996521
不用,0.3602944016456604,7.754686176776886,0.3015820384025574
看着,0.1827176809310913,5.118416488170624,0.25888991355895996
作家,0.6697646379470825,6.3214927315711975,0.2323104739189148
转,0.442160427570343,10.704445123672485,0.8172723799943924
冬季,0.2513779401779175,7.513135254383087,0.7626676559448242
据统计,0.5211847722530365,8.898864299058914,0.723008543252945
多人,0.24426966905593872,4.23975795507431,0.6237147152423859
戏剧,0.3988863229751587,6.6659698486328125,0.23870432376861572
水果,0.27428048849105835,4.327460527420044,0.2470036745071411
机器,0.15477049350738525,4.887439727783203,0.3131828308105469
解释,0.6315563023090363,9.012850791215897,0.3417171239852905
年初,0.852724626660347,13.83107304573059,0.8342563509941101
面,0.39754700660705566,11.174859523773193,0.3304727077484131
危害,0.2823024392127991,5.817442536354065,0.4211243987083435
通车,0.21394550800323486,5.585140645503998,0.2990162968635559
边境,0.39116042852401733,7.493660867214203,0.4640963673591614
回家,0.2359447479248047,3.4816070199012756,0.1571357250213623
卓越,0.35738635063171387,8.604374289512634,0.5550310015678406
艰苦,0.1454741358757019,3.2097375988960266,0.30153489112854004
空中,0.391471803188324,8.374711036682129,0.4421736001968384
重要性,0.26391035318374634,6.444898009300232,0.5155473351478577
清醒,0.3007662296295166,5.2635602951049805,0.5540195107460022
回来,0.11848962306976318,3.9426987767219543,0.1512250304222107
景象,0.22352969646453857,3.1274145245552063,0.2189236879348755
警告,0.22354066371917725,6.7148133516311646,0.619149774312973
作物,0.12957173585891724,3.4828124046325684,0.2513309121131897
备战,0.7183472216129303,13.177043855190277,0.5444072782993317
守,0.513627827167511,16.3337242603302,0.6167201101779938
先锋,0.45365995168685913,9.958490133285522,0.6738098561763763
南,0.49123793840408325,9.251814305782318,0.33039259910583496
积极开展,0.44524329900741577,11.819382011890411,0.5894362926483154
自行车,0.20539861917495728,5.583917200565338,0.38938939571380615
道德,0.45857465267181396,8.623228967189789,0.4967145323753357
钢铁,0.3333199620246887,7.091058850288391,0.3914791941642761
风,0.27478480339050293,5.904512584209442,0.46708589792251587
内地,0.4885016083717346,10.757051348686218,0.654109537601471
选拔,0.4697444438934326,8.023571074008942,0.5553758442401886
失业,0.26999610662460327,5.891264200210571,0.47360098361968994
穿,0.07222342491149902,2.3839653730392456,0.21105533838272095
母亲,0.19721996784210205,4.397675573825836,0.12328720092773438
描绘,0.5170124173164368,7.860437572002411,0.4514269232749939
民族团结,0.8226473033428192,10.105013489723206,0.8297800123691559
宗教,0.6315512657165527,8.627701818943024,0.41660934686660767
身上,0.09693783521652222,3.599557936191559,0.2732151746749878
路线,0.27059000730514526,6.581303119659424,0.6584885716438293
常常,0.27416568994522095,6.83394980430603,0.2561550736427307
浓厚,0.3540698289871216,6.469838440418243,0.35714852809906006
文献,0.7595631629228592,13.548480436205864,0.8630904853343964
识别,0.6406888365745544,14.230100482702255,0.5173057317733765
更高,0.648126631975174,19.198945611715317,0.7468728721141815
广播,0.23297369480133057,4.903246819972992,0.5821753740310669
机械化,0.3767993450164795,6.158028662204742,0.8322278559207916
随时,0.2356693148612976,6.330140769481659,0.35902488231658936
消费品,0.4524894952774048,8.43660682439804,0.592575192451477
保留,0.5204795300960541,12.634187906980515,0.705179899930954
途径,0.5915352404117584,7.811232954263687,0.7145631611347198
极端,0.2929743528366089,7.36958384513855,0.5139890909194946
史,0.5368801057338715,11.987284392118454,0.7876804023981094
审判,0.4982801079750061,9.314030349254608,0.4431220293045044
移民,0.6552283465862274,15.022387623786926,0.3971094489097595
纵深,0.6769049167633057,17.044212818145752,0.7495397329330444
障碍,0.17891263961791992,5.069158375263214,0.5396001040935516
吉林,0.21035754680633545,6.142497360706329,0.4059330224990845
艺术家,0.3114492893218994,6.479158103466034,0.5609134435653687
动荡,0.62454953789711,12.680068790912628,0.6651425957679749
寻求,0.4332895874977112,10.423512876033783,0.415131151676178
地理,0.7348792850971222,10.383064210414886,0.5849052965641022
高于,0.6464360356330872,12.176854878664017,0.7390338480472565
青岛,0.471125066280365,9.70540964603424,0.446100115776062
京,0.6069934070110321,8.578924298286438,0.7393732964992523
舞蹈,0.4227002263069153,4.917510569095612,0.49208754301071167
班,0.16845768690109253,6.633855104446411,0.24711215496063232
定,0.6801769137382507,11.913290917873383,0.7626115381717682
与会,0.635408341884613,12.609071850776672,0.4986901879310608
到底,0.3369624614715576,9.589704394340515,0.6951287090778351
湖,0.5835640132427216,10.680881530046463,0.43157756328582764
日益增长,0.6766166388988495,11.25116765499115,0.863129049539566
本土,0.5231199562549591,17.006657034158707,0.7795485109090805
一段,0.28257596492767334,5.419276475906372,0.3935455083847046
夺得,0.6895670294761658,9.561225652694702,0.8155978322029114
正义,0.25541579723358154,7.540587663650513,0.4091693162918091
上来,0.48115968704223633,9.608098208904266,0.6473224461078644
崭新,0.2633565068244934,7.683019518852234,0.5649908185005188
面貌,0.4332299828529358,4.594555735588074,0.3145989775657654
听到,0.16118687391281128,3.714538812637329,0.1992623209953308
两大,0.6954843103885651,18.51798924803734,0.6494506001472473
满意,0.1457430124282837,4.158466935157776,0.21452271938323975
吴,0.5696935951709747,12.03302875161171,0.4370683431625366
生命安全,0.6719025373458862,15.731245994567871,0.5089238584041595
形式主义,0.4434029459953308,8.911990880966187,0.401675283908844
机,0.27758222818374634,5.138476490974426,0.29641056060791016
记得,0.3626824617385864,6.7381463050842285,0.37371641397476196
门,0.2992967963218689,8.584445834159851,0.46454811096191406
有时,0.21856898069381714,5.262909352779388,0.25259166955947876
太,0.1981523036956787,5.31745582818985,0.3471826910972595
大部分,0.3510892391204834,6.73942106962204,0.4703528881072998
光,0.3887268304824829,12.175144016742706,0.6172005832195282
答案,0.6643892526626587,10.340722888708115,0.7509907484054565
送到,0.14691948890686035,4.312751233577728,0.2735106348991394
两次,0.2222422957420349,7.021622121334076,0.4087209105491638
权,0.487876832485199,11.913071990013123,0.4610520005226135
时节,0.45463573932647705,7.956330239772797,0.5232040882110596
适当,0.38310492038726807,5.510541617870331,0.3598933815956116
学会,0.283164381980896,5.833921134471893,0.48782217502593994
为例,0.6791052520275116,18.5773723423481,0.7178306877613068
发,0.21726632118225098,6.718774497509003,0.6357171535491943
父母,0.24177300930023193,5.3065385222435,0.21398794651031494
停止,0.20831626653671265,5.237612068653107,0.3346818685531616
医疗队,0.3862881064414978,9.924158155918121,0.4595068097114563
卡,0.3063109517097473,8.017358362674713,0.37879109382629395
充足,0.34306806325912476,7.689271152019501,0.4804536700248718
事实,0.07166236639022827,2.781715452671051,0.2046983242034912
谈判,0.2957304120063782,5.368132472038269,0.34101253747940063
罚款,0.4223569631576538,9.168458998203278,0.44823724031448364
毛泽东,0.20088601112365723,4.3429354429244995,0.311568021774292
菜,0.1856006383895874,4.890963315963745,0.3357165455818176
领会,0.36981964111328125,7.470391571521759,0.5909442901611328
空气,0.23299598693847656,5.110172212123871,0.6368673741817474
上述,0.22087204456329346,6.446067750453949,0.4021461606025696
暖,0.26095181703567505,7.804555237293243,0.7585128396749496
回,0.21593880653381348,6.386455535888672,0.3714902400970459
四大,0.7725714296102524,18.10151858627796,0.8977492898702621
重申,0.31207823753356934,5.830141723155975,0.43407881259918213
关怀,0.25539112091064453,3.7927913069725037,0.400781512260437
医药,0.44832438230514526,10.883126854896545,0.4189798831939697
禁止,0.3823021650314331,6.196359813213348,0.22388911247253418
工作组,0.4989749789237976,8.821305632591248,0.46551942825317383
见到,0.29317283630371094,7.034827351570129,0.2959718108177185
转向,0.5859069228172302,15.529698729515076,0.6673073172569275
统一战线,0.2879066467285156,9.280630469322205,0.5566842555999756
长沙,0.3181301951408386,9.746167778968811,0.3903130292892456
离开,0.24870562553405762,3.745008707046509,0.1713358759880066
鼓舞,0.11078238487243652,3.2772194147109985,0.42452120780944824
文字,0.30247849225997925,5.804935693740845,0.48491835594177246
姿态,0.43955886363983154,10.449767827987671,0.6211661696434021
中部,0.24401915073394775,5.533336758613586,0.26818472146987915
华,0.9503067657351494,22.559138782322407,0.5774172246456146
春天,0.2665672302246094,5.905790746212006,0.6222412288188934
夜间,0.29888683557510376,10.253316938877106,0.4674791097640991
吸收,0.4260441064834595,6.668198645114899,0.6557433605194092
之外,0.5374437570571899,15.64251333475113,0.6866288185119629
第一批,0.4018828272819519,14.724706172943115,0.6299851536750793
踏上,0.5555280148983002,10.353980302810669,0.394855797290802
常委,0.4682733416557312,8.336401224136353,0.4942817687988281
年间,0.5760738849639893,13.106275051832199,0.5878141522407532
激动,0.30429595708847046,3.025798499584198,0.26492905616760254
大门,0.3207101821899414,6.22135716676712,0.3902994394302368
兴趣,0.39489758014678955,5.947295904159546,0.582915723323822
到达,0.17289304733276367,3.6243478655815125,0.3879716396331787
沈阳,0.3046315312385559,6.417800545692444,0.3998451828956604
外出,0.4935142397880554,9.77516782283783,0.545122355222702
零售,0.492916464805603,8.977998614311218,0.5016549825668335
昂扬,0.43475884199142456,12.113691926002502,0.5500263273715973
肯定,0.32060039043426514,8.340822041034698,0.5656827688217163
拥护,0.2591383457183838,5.4367257952690125,0.26976996660232544
十大,0.9112489745020866,24.32171332091093,0.8812466412782669
引起,0.07697689533233643,2.22291499376297,0.28671175241470337
武装,0.287339448928833,6.009902060031891,0.5993444323539734
总数,0.11235320568084717,3.464496433734894,0.28078967332839966
自治,0.6836189031600952,10.400026082992554,0.5634573101997375
境内,0.29098308086395264,6.990495502948761,0.3009492754936218
制裁,0.4947770833969116,10.834855675697327,0.5537931323051453
增,0.5258286595344543,13.439265370368958,0.5820627510547638
延长,0.3845527172088623,9.202474892139435,0.4888155460357666
广,0.5873987972736359,13.006184071302414,0.5041783154010773
坐,0.15677380561828613,4.350938498973846,0.1919645071029663
干部群众,0.7428843677043915,19.195775121450424,0.7269469797611237
愿望,0.22652006149291992,4.601576268672943,0.43670207262039185
热,0.33888089656829834,8.871729910373688,0.6237033009529114
取消,0.2559071183204651,7.203217387199402,0.40062588453292847
退休,0.6983513832092285,10.723862290382385,0.5711728632450104
没想到,0.5532164573669434,16.491646498441696,0.6788714230060577
密集,0.5999881029129028,13.082597136497498,0.6510223150253296
流行,0.4659639596939087,8.8467578291893,0.48701852560043335
确认,0.7126286923885345,16.77453276515007,0.6995936930179596
飞跃,0.4477369785308838,15.001175820827484,0.9421347044408321
进度,0.8469256311655045,8.400409385561943,0.8024880886077881
局局长,0.8391860872507095,16.007671862840652,0.836361289024353
加剧,0.4404386878013611,6.746595799922943,0.5362253189086914
身体健康,0.7581393420696259,11.118521511554718,0.7659326940774918
下乡,0.3079853653907776,8.317588448524475,0.6374134421348572
摄影,0.6832409203052521,11.169388711452484,0.3941253423690796
省市,0.7446237802505493,12.240129202604294,0.942135501652956
体会,0.22276872396469116,4.31530374288559,0.29692620038986206
节日,0.1465579867362976,3.191293716430664,0.43948131799697876
彻底,0.15881472826004028,5.419823229312897,0.4275659918785095
祝贺,0.15376293659210205,3.2830334901809692,0.32788515090942383
男,0.337002158164978,7.649904489517212,0.47969669103622437
坐在,0.09964382648468018,3.059297263622284,0.13487792015075684
充分利用,0.7219866812229156,9.605851739645004,0.8114558607339859
全体会议,0.4121769666671753,5.290051996707916,0.4038248658180237
山西省,0.707306444644928,7.034717082977295,0.8317661434412003
包含,0.5407765209674835,12.010418504476547,0.5817744433879852
毫不动摇,0.6597563922405243,23.585846036672592,0.7664049863815308
足迹,0.8388859182596207,13.442011013627052,0.620195060968399
节,0.31703805923461914,8.930010437965393,0.5160712003707886
严,0.8239484131336212,24.167770102620125,0.868154376745224
多地,0.3391532301902771,12.966923952102661,0.9424550347030163
明天,0.31014156341552734,8.53254622220993,0.6254755556583405
通行,0.6766993999481201,13.281717956066132,0.3083081841468811
上游,0.2707558274269104,5.319261431694031,0.28432565927505493
女儿,0.3300401568412781,6.293763339519501,0.3126928210258484
昆明,0.2949351668357849,8.957521498203278,0.6984696090221405
套,0.33519381284713745,7.7494261264801025,0.46709179878234863
支配,0.42985016107559204,11.280969500541687,1.0418287701904774
有益,0.7071608006954193,8.571612685918808,0.7729139178991318
年龄,0.3706575036048889,6.205372750759125,0.36301106214523315
公斤,0.28434479236602783,4.196801781654358,0.3568161129951477
财政部,0.620818704366684,10.784455269575119,0.6000223755836487
几天,0.1309332251548767,4.4406291246414185,0.18442600965499878
相当于,0.5972350239753723,5.855061590671539,0.7510267347097397
一半,0.12661558389663696,4.373799085617065,0.19943302869796753
平时,0.35478174686431885,10.604341804981232,0.42633724212646484
五个,0.3513522744178772,8.653994977474213,0.7813693881034851
心灵,0.6132650375366211,8.891629844903946,0.7328255772590637
共产党,0.22741061449050903,6.12223494052887,0.34856319427490234
报名,0.33383285999298096,7.139350354671478,0.4403095245361328
支援,0.1689280867576599,4.998739719390869,0.44473356008529663
汇报,0.23855572938919067,6.400384545326233,0.5310252606868744
中小学,0.4740355610847473,9.378881394863129,0.41284650564193726
上涨,0.13272309303283691,4.115326821804047,0.2499217391014099
外交部,0.20411467552185059,3.201491355895996,0.41501593589782715
长征,0.5145961046218872,9.888251781463623,0.5053441822528839
诞生,0.3046000003814697,8.711204886436462,0.5474776327610016
无比,0.18889784812927246,5.7732914686203,0.47211939096450806
病,0.12495929002761841,3.963421046733856,0.40905332565307617
田野,0.2691246271133423,5.5645477175712585,0.23263829946517944
施行,0.6346265077590942,10.919502794742584,0.8056817501783371
委托,0.5265544354915619,10.041515976190567,0.5424809753894806
千万,0.5420070886611938,12.115777432918549,0.8495860397815704
少数,0.21728891134262085,5.725659012794495,0.3359716534614563
首位,0.5896424353122711,10.214710980653763,0.5526511371135712
动物,0.6376135945320129,9.902997106313705,0.6317460834980011
大陆,0.6065179705619812,9.25816810131073,0.8509830087423325
丁,0.9775143526494503,19.561165031045675,0.7709632962942123
耐心,0.17615920305252075,4.778007447719574,0.4273355007171631
高山,0.5272190868854523,6.517232686281204,0.7334076762199402
热闹,0.4018298387527466,7.455935537815094,0.196183979511261
运河,0.5880712866783142,13.147572576999664,0.17525768280029297
业绩,0.4333726167678833,7.782341718673706,0.6594592034816742
各级党委,0.6824016869068146,8.298086076974869,0.5011197030544281
最早,0.7710280269384384,15.499201163649559,0.9467225931584835
独立自主,0.6890191435813904,10.572093278169632,0.6041810214519501
两地,0.7223781943321228,19.40608251094818,0.6040804982185364
国际形势,0.647263377904892,5.970594257116318,0.7416999340057373
明确提出,0.8775672316551208,28.631502956151962,0.709850549697876
一下,0.1634538173675537,4.919960975646973,0.1890575885772705
几十年,0.48266977071762085,9.040232360363007,0.4925364851951599
草,0.5712984204292297,6.286689460277557,0.3999685049057007
安心,0.37044018507003784,8.294323563575745,0.36798763275146484
看看,0.1648803949356079,5.019887447357178,0.15240788459777832
高举,0.2947590947151184,6.478001713752747,0.4733029007911682
目的地,0.45277583599090576,12.978598833084106,0.7030067443847656
处处,0.39498424530029297,7.996297001838684,0.6554007828235626
一百年,0.7857897579669952,21.931231260299683,1.02498709410429
许可,0.5203943848609924,15.655660927295685,0.6371530592441559
奉行,0.45483893156051636,4.161522269248962,0.5371875762939453
原料,0.2365705966949463,3.4400575160980225,0.19138646125793457
等级,0.6517692506313324,14.286241173744202,0.4349375367164612
宣传教育,0.6531478762626648,12.983304679393768,0.5620002448558807
荣获,0.2969670295715332,5.365648627281189,0.5180736184120178
条约,0.16847485303878784,6.104546129703522,0.2799171805381775
此后,0.805021271109581,27.60324300825596,0.7864837795495987
各界,0.33471012115478516,4.121419370174408,0.37890249490737915
酒,0.341860294342041,7.487494587898254,0.29827219247817993
少数民族,0.4562692642211914,6.570387601852417,0.35859864950180054
技术人员,0.5922608971595764,5.238240480422974,0.8447654992341995
包,0.3745524287223816,10.09392935037613,0.46412771940231323
分歧,0.27897125482559204,5.280027508735657,0.40927648544311523
仔细,0.3281633257865906,5.696450591087341,0.32709139585494995
感动,0.19657480716705322,3.3644739389419556,0.21356207132339478
总局,0.5975925326347351,11.510158240795135,0.6263093054294586
支,0.6050841212272644,9.169730335474014,0.6134702563285828
墨西哥,0.564355880022049,10.913499742746353,0.43620389699935913
有限,0.699085533618927,10.458093523979187,0.4089345932006836
动摇,0.23661327362060547,6.7324095368385315,0.4995851516723633
还会,0.5083339512348175,11.07201024889946,0.6477082073688507
收购,0.24813485145568848,4.660421848297119,0.5433567464351654
最多,0.42331093549728394,11.079696953296661,0.6095553934574127
遵守,0.23953616619110107,4.928113758563995,0.32681089639663696
教材,0.29006659984588623,5.584102034568787,0.243574857711792
榜样,0.3687092065811157,4.829613745212555,0.4294084310531616
沿海,0.2426021695137024,5.388973891735077,0.4308975338935852
挂,0.09421110153198242,2.9629743099212646,0.1307053565979004
隔离,0.8661583065986633,21.348631858825684,0.8290334641933441
持久,0.5102725028991699,11.257595121860504,0.5463546514511108
急需,0.5531286895275116,10.691086202859879,0.55720254778862
雪,0.38554471731185913,9.940363347530365,0.5411054491996765
生效,0.6017431914806366,10.9830921292305,0.5065880417823792
拿到,0.41431182622909546,9.827284753322601,0.5782951712608337
飞,0.4192237854003906,7.2153326869010925,0.5236066579818726
加深,0.23516106605529785,5.274865388870239,0.6479486525058746
改,0.6921284794807434,12.491651594638824,0.6169507801532745
宣言,0.3368329405784607,8.537532091140747,0.3980388045310974
真诚,0.5300897061824799,6.445694714784622,0.306873619556427
蓝色,0.6078653037548065,12.526094734668732,0.5417298078536987
分为,0.49522602558135986,8.635935127735138,0.3495261073112488
大小,0.5035130083560944,7.382501631975174,0.6086388230323792
登上,0.3301318883895874,6.938299477100372,0.44057536125183105
加,0.42337363958358765,12.427820563316345,0.5756269991397858
全国代表大会,0.508835643529892,8.012390583753586,0.4138910174369812
西,0.32761454582214355,7.88774847984314,0.19906514883041382
摆脱,0.17491507530212402,4.15169620513916,0.3258060812950134
航线,0.4898275136947632,7.2603665590286255,0.29942184686660767
常年,0.6396867036819458,11.331284940242767,0.5287489891052246
不久,0.20319700241088867,6.561475992202759,0.3937855362892151
懂,0.22540700435638428,4.762919902801514,0.4152127504348755
手续,0.2865023612976074,5.12730747461319,0.28196287155151367
火热,0.7093722820281982,12.101740002632141,0.47179633378982544
缩小,0.5641506612300873,7.645821422338486,0.8656601756811142
建设性,0.652666449546814,13.42676666378975,0.6069162487983704
亚,0.6179032325744629,11.619376361370087,0.9484616629779339
分工,0.3806242346763611,8.62336528301239,0.667644202709198
儿子,0.14769595861434937,4.04949289560318,0.15747690200805664
举,0.6144908666610718,14.902692407369614,0.7368372678756714
内外,0.4724195599555969,15.740545392036438,0.6394396126270294
能否,0.5411139130592346,12.160339742898941,0.5045040249824524
五大,0.8640370815992355,29.13399764895439,0.8300842344760895
牺牲,0.09159445762634277,4.089235544204712,0.16067034006118774
仿佛,0.45777034759521484,6.521816909313202,0.354669451713562
经理,0.4839271306991577,7.769236385822296,0.3633860945701599
万里,0.7205981016159058,11.219376027584076,0.5055105984210968
郑,0.5377170443534851,17.713041245937347,0.8281776160001755
阵地,0.3196036219596863,7.657427906990051,0.6447374224662781
兰州,0.44201356172561646,8.64388108253479,0.45026832818984985
一个月,0.1465575098991394,4.451512575149536,0.22576022148132324
修建,0.5402443408966064,4.679500043392181,0.32682931423187256
为期,0.5031929910182953,5.033620446920395,0.7301906049251556
任命,0.355225145816803,7.30519700050354,0.593379408121109
固定,0.40115493535995483,9.2729572057724,0.6066071689128876
暴力,0.3988499641418457,8.007249653339386,0.46839916706085205
翻译,0.7030218541622162,8.933034002780914,0.5950274169445038
十三,0.5032542943954468,14.918068051338196,0.5359291136264801
局势,0.18712234497070312,4.733132898807526,0.4249677062034607
赵,0.5146888792514801,9.514608949422836,0.35963284969329834
欣赏,0.5641979575157166,9.533371269702911,0.5115699768066406
眼睛,0.09478592872619629,2.768200993537903,0.13999634981155396
幸福生活,0.43629032373428345,14.841960549354553,0.6504166722297668
担心,0.5724221467971802,8.42929220199585,0.5006362795829773
七,0.2360326647758484,7.129443407058716,0.6341208517551422
家中,0.5063106417655945,11.159784495830536,0.34586024284362793
共产党人,0.4121217727661133,9.264635562896729,0.7054575085639954
叙利亚,0.253373920917511,7.29790723323822,0.5012640357017517
利润,0.23525279760360718,3.6985114216804504,0.26666390895843506
启示,0.39481091499328613,10.26040369272232,0.6470508575439453
想法,0.34129464626312256,9.183667838573456,0.45610153675079346
照顾,0.16118299961090088,4.900131583213806,0.30933600664138794
回顾,0.6050266325473785,8.118136376142502,0.5193247497081757
不了,0.11094820499420166,4.4536513686180115,0.39760249853134155
武器,0.18527013063430786,5.065917015075684,0.512474924325943
读,0.21862274408340454,4.65224677324295,0.3508133292198181
深受,0.43299251794815063,8.134595215320587,0.5714877247810364
阐明,0.5020837485790253,10.719340234994888,0.743723452091217
回信,0.5399737358093262,18.700631499290466,0.7299712002277374
主动权,0.46379250288009644,10.260905623435974,0.6577581763267517
船,0.3254157304763794,5.243197977542877,0.17432987689971924
夏季,0.7213131189346313,10.445136964321136,0.4214283227920532
列,0.9725988376885653,14.102026658132672,0.7108647525310516
商务,0.34483134746551514,11.049321234226227,0.607122927904129
舆论,0.24861115217208862,5.177849590778351,0.5624834895133972
伊朗,0.8387952297925949,10.581944093108177,0.30639219284057617
太阳,0.18603843450546265,5.123535692691803,0.2522292733192444
出席会议,0.5304868221282959,11.302509725093842,0.6780508160591125
教,0.23482030630111694,6.937654614448547,0.20684003829956055
早已,0.31474798917770386,10.392358481884003,0.6543272435665131
地图,0.5000658333301544,11.39368149638176,0.2654079794883728
相连,0.7070248425006866,10.541629701852798,0.53313347697258
遭受,0.09384971857070923,3.2860814929008484,0.19148671627044678
团,0.41542601585388184,10.322994768619537,0.42354053258895874
一大,0.40374165773391724,11.588804364204407,0.6383647620677948
北部,0.202633798122406,3.9317968487739563,0.27570682764053345
课,0.5027587413787842,6.670741617679596,0.3595646023750305
对待,0.2541238069534302,5.59245502948761,0.45414823293685913
粮,0.18185651302337646,5.73492705821991,0.39694589376449585
师,0.2806903123855591,7.151252508163452,0.6561476290225983
德,0.31990551948547363,7.373986661434174,0.38203203678131104
财富,0.37500596046447754,6.055557131767273,0.4312017560005188
崇高,0.08878767490386963,2.999054253101349,0.3037928342819214
掌声,0.05293452739715576,1.3825783729553223,0.07361257076263428
本身,0.4596991539001465,8.742147266864777,0.4985981583595276
画,0.22606760263442993,4.662577569484711,0.31474143266677856
街,0.5450678467750549,10.689644873142242,0.3834802508354187
艰苦奋斗,0.21572399139404297,4.365895569324493,0.2245972752571106
概念,0.5599890649318695,9.509639292955399,0.676641196012497
每周,0.30998021364212036,7.677718698978424,0.5031833648681641
最为,0.6239474713802338,14.71481403708458,0.43778592348098755
解放,0.27936816215515137,6.567391812801361,0.5565356314182281
师傅,0.3072553277015686,9.438814878463745,0.4917132258415222
室,0.5671105682849884,11.550939291715622,0.36042821407318115
阿根廷,0.41632914543151855,10.269681990146637,0.3920574188232422
光辉,0.2552548050880432,4.875330090522766,0.3780500888824463
希腊,0.5814724862575531,13.651826620101929,0.4195405840873718
细致,0.35608357191085815,5.490673065185547,0.4384627342224121
其实,0.48834294080734253,9.086813032627106,0.5093297362327576
市长,0.5580604076385498,5.131536424160004,0.29336345195770264
公务员,0.7618940323591232,21.33788613975048,0.47315335273742676
备忘录,0.6715152561664581,10.126270860433578,0.728059858083725
生存,0.3337132930755615,8.113041162490845,0.4194434881210327
繁重,0.3016589879989624,4.22004359960556,0.38361555337905884
加油,0.5539308190345764,17.532269716262817,0.5406491160392761
充分证明,0.6167866289615631,16.914298057556152,0.6063412725925446
赤字,0.4265495538711548,8.594569385051727,0.7009900212287903
性质,0.2198704481124878,5.411740064620972,0.42294955253601074
起到,0.2735130786895752,6.328921437263489,0.47380298376083374
侵犯,0.38633549213409424,4.871700048446655,0.3654786944389343
数,0.4595692753791809,12.005223572254181,0.3177703619003296
子女,0.5436841249465942,6.784744024276733,0.4007827043533325
新气象,0.4182380437850952,13.722249209880829,0.4552653431892395
创立,0.5384968817234039,17.191111266613007,0.6023061275482178
说起,0.6878224611282349,19.461460947990417,0.6798531413078308
看病,0.35365599393844604,6.56569766998291,0.424734890460968
渔民,0.3448283076286316,7.533021688461304,0.40336084365844727
倾听,0.4019961357116699,7.813373506069183,0.3538174033164978
北方,0.6526996791362762,10.243097722530365,0.704963207244873
巴,0.28821760416030884,7.733685493469238,0.6685960590839386
新鲜,0.5535366237163544,8.469726711511612,0.678948163986206
博士,0.8013823628425598,8.393298476934433,0.6481802463531494
共计,0.5393850207328796,10.589515268802643,0.4658573865890503
一期,0.4153885245323181,6.535506963729858,0.8766917586326599
南部,0.20541596412658691,4.615827322006226,0.3116905689239502
镜头,0.6576817035675049,9.816780745983124,0.4934627413749695
慰问,0.3087690472602844,5.43710994720459,0.3504604697227478
珍贵,0.5823523700237274,5.668861597776413,0.6077714562416077
搬,0.26986443996429443,7.327772557735443,0.3159668445587158
地质,0.6785142123699188,8.201236367225647,0.8259545266628265
房子,0.10576432943344116,3.2388336062431335,0.19064658880233765
安宁,0.5842472314834595,13.945737272500992,0.49055808782577515
由此,0.4935052990913391,10.118565380573273,0.7276386618614197
第二次,0.4290097951889038,11.667376160621643,0.3566511869430542
五国,0.8133808523416519,21.728011190891266,0.7900137901306152
联,0.8206888139247894,34.90760299563408,0.8038568049669266
我要,0.24474990367889404,8.760255694389343,0.31319475173950195
经受,0.6289987862110138,5.616922706365585,0.7682999968528748
石,0.704766720533371,12.177384048700333,0.6382385194301605
号召,0.10661178827285767,3.947666347026825,0.2831016778945923
一生,0.761993408203125,7.8165150582790375,0.2613931894302368
极,0.6257320940494537,11.069187074899673,0.4607812166213989
封闭,0.6664084792137146,18.140812754631042,0.8664110600948334
大队,0.23797792196273804,5.407022297382355,0.20671159029006958
不变,0.5434715747833252,11.570369094610214,0.4500178098678589
委员长,0.6453606188297272,8.037769675254822,0.6641784906387329
物价,0.17305517196655273,5.879767835140228,0.33855146169662476
纪录,0.3157786726951599,5.441735684871674,0.3579173684120178
撤销,0.5616351366043091,13.25162273645401,0.5449438095092773
书,0.2825780510902405,6.725080609321594,0.41512417793273926
大大,0.13495540618896484,4.198669135570526,0.4999813437461853
放弃,0.37955552339553833,6.3841957449913025,0.49513036012649536
振奋,0.5153319835662842,9.593282401561737,0.40105998516082764
大胆,0.2268129587173462,5.898847937583923,0.480682909488678
好转,0.5070971846580505,7.569452345371246,0.6647991240024567
东京,0.17511051893234253,5.582138478755951,0.6209142506122589
源,0.6623561978340149,16.58319327235222,0.6958766579627991
从未,0.516708254814148,12.976490259170532,0.3477817177772522
司长,0.288510799407959,4.4405258893966675,0.5004796981811523
郑州,0.23588216304779053,7.305003762245178,0.41363847255706787
别人,0.1498768925666809,4.3423983454704285,0.2376611828804016
技巧,0.5759828388690948,8.076783567667007,0.4624466300010681
种类,0.5511559545993805,9.902573466300964,0.5787109434604645
咖啡,0.526855856180191,10.293412655591965,0.4534960985183716
银,0.6894791126251221,13.297369629144669,0.7251246571540833
拍,0.3625807762145996,7.4615137577056885,0.41909223794937134
功夫,0.4837859272956848,10.131461560726166,0.8586902767419815
测量,0.4872404932975769,9.338813960552216,0.5216104090213776
无人,0.6017460227012634,15.219816267490387,0.5864610970020294
旺盛,0.24951130151748657,6.371932864189148,0.568309485912323
友好合作,0.4336584210395813,3.7459089159965515,0.4534490704536438
派,0.13979250192642212,5.212842583656311,0.3338216543197632
增至,0.6234616339206696,10.468768507242203,0.352791428565979
休息,0.11501175165176392,3.416276454925537,0.13297343254089355
两党,0.4434940814971924,10.270740866661072,0.648903876543045
军人,0.513651579618454,10.901294201612473,0.26190662384033203
战斗力,0.1863574981689453,4.972311198711395,0.32186180353164673
一把,0.10219073295593262,3.2228980660438538,0.15027570724487305
早日,0.3006105422973633,6.835223734378815,0.3356184959411621
色彩,0.44655030965805054,6.602978885173798,0.6899658441543579
战士,0.14494991302490234,3.9410188794136047,0.2430287003517151
选派,0.690507173538208,14.903590083122253,0.7552758753299713
论文,0.4466661214828491,6.341324150562286,0.44591808319091797
第四,0.5023222267627716,11.508753329515457,0.3932611346244812
一句,0.07018387317657471,2.448479115962982,0.09747666120529175
情形,0.5158594250679016,13.362605690956116,0.7426532804965973
岁月,0.41447198390960693,5.099767982959747,0.5762606859207153
最初,0.8048752546310425,25.140783071517944,0.71754390001297
全村,0.43509501218795776,8.375372469425201,0.2822369337081909
西南,0.2453119158744812,6.864964127540588,0.4346539378166199
声,0.35401952266693115,4.73381781578064,0.14165794849395752
湾,0.5666322410106659,13.425165385007858,0.3054696321487427
群众路线,0.19419193267822266,6.30971360206604,0.32536017894744873
不想,0.3993759751319885,10.797157108783722,0.4450073838233948
辅助,0.639843076467514,16.94472435116768,0.7912557572126389
策划,0.7050925493240356,9.556803196668625,0.8094884008169174
余,0.8716604560613632,20.95159837603569,0.8113468140363693
口,0.4326501488685608,10.50732684135437,0.34005206823349
类似,0.4004696011543274,11.558254659175873,0.4459301829338074
实事求是,0.39786916971206665,6.725731730461121,0.5085640847682953
海军,0.21974319219589233,5.376871049404144,0.2780461311340332
天然,0.7336992025375366,10.335870146751404,0.8254664987325668
株,0.44553107023239136,7.210396468639374,0.7760263979434967
两种,0.16353178024291992,5.142864346504211,0.5310494899749756
打下,0.32139724493026733,5.760320425033569,0.36526840925216675
宽广,0.7524498254060745,11.174326583743095,0.7008436024188995
不时,0.4414093494415283,6.947821378707886,0.28367143869400024
是从,0.4329317808151245,10.149455666542053,0.39238429069519043
办公,0.42552751302719116,11.744454741477966,0.4273921847343445
涌现,0.13566529750823975,4.8557902574539185,0.45041120052337646
解,0.8634336590766907,23.717166930437088,0.4970325231552124
急,0.328027606010437,8.087320625782013,0.5356928110122681
财产,0.20213639736175537,5.618771970272064,0.282866895198822
交叉,0.713187038898468,17.54069584608078,0.7700014412403107
游,0.9468224607408047,16.16042621061206,0.40352916717529297
对方,0.46913254261016846,8.701451122760773,0.5967619121074677
主席团,0.20812112092971802,4.844700038433075,0.27832579612731934
头,0.15787208080291748,4.223216474056244,0.31086939573287964
原有,0.3079824447631836,9.868072509765625,0.6310902833938599
货币,0.32281601428985596,6.799868285655975,0.3373182415962219
内政,0.17910492420196533,3.906509280204773,0.1548631191253662
著名,0.22052526473999023,3.869641661643982,0.36525219678878784
县里,0.42271459102630615,11.107829451560974,0.5145529806613922
作战,0.4979678988456726,6.362930178642273,0.31429028511047363
中间,0.3698638081550598,10.49010419845581,0.39004582166671753
妻子,0.3227161169052124,6.503287672996521,0.27181142568588257
到来,0.1404433250427246,4.918952286243439,0.39633679389953613
顽强,0.16451811790466309,3.3473748564720154,0.33081722259521484
允许,0.2262030839920044,6.770264506340027,0.35988473892211914
二十,0.742961972951889,15.321579664945602,0.7410601377487183
动人,0.273348331451416,4.0155386328697205,0.283941388130188
支队,0.5834871828556061,12.7981678545475,0.3706328272819519
扩展,0.2972833514213562,11.468191981315613,0.5265771150588989
授予,0.6575736701488495,6.063674181699753,0.7366679310798645
东南亚,0.7842180579900742,8.890279337763786,0.551980048418045
妈妈,0.3872566819190979,6.425350785255432,0.26264476776123047
名字,0.29412931203842163,6.882328391075134,0.24131202697753906
退出,0.6576395928859711,14.226017981767654,0.7711942493915558
上级,0.16520237922668457,4.7611212730407715,0.4361531734466553
从中,0.43091249465942383,9.076442241668701,0.9083672612905502
助理,0.5973753333091736,7.675516963005066,0.7550505995750427
严肃,0.2889885902404785,6.108880937099457,0.6979401409626007
早上,0.22522401809692383,6.278741121292114,0.2544369101524353
厦门,0.7451698780059814,14.832241028547287,0.6936204135417938
服装,0.38578903675079346,5.6403056383132935,0.47244465351104736
孙,0.6670556962490082,13.190321207046509,0.5701013207435608
清华大学,0.5744024813175201,7.881070524454117,0.3765053153038025
植树,0.6882385313510895,6.249993801116943,0.524957686662674
防线,0.3554299473762512,10.961695492267609,0.4266233444213867
红军,0.2843770384788513,6.834167540073395,0.6179740726947784
落后,0.29375189542770386,4.803155303001404,0.5563102066516876
南海,0.5511449575424194,11.347313702106476,0.7768024504184723
有利条件,0.4441191554069519,7.81439882516861,0.4136772155761719
永久,0.789084404706955,18.22319918870926,0.6583417057991028
中央委员会,0.21137571334838867,4.9587642550468445,0.3953893780708313
外地,0.5868811309337616,7.375374406576157,0.6075736284255981
马上,0.15111875534057617,6.1859171986579895,0.2577751874923706
返回,0.26457566022872925,8.025451064109802,0.4469098448753357
从小,0.3651946187019348,8.112463653087616,0.427456796169281
批评,0.1293380856513977,4.185155868530273,0.393288254737854
奔赴,0.7043697834014893,12.548731565475464,0.5632762014865875
第三次,0.5155255496501923,14.115132957696915,0.545975923538208
不停,0.2041882872581482,5.920252978801727,0.21901410818099976
南昌,0.46935200691223145,10.559788703918457,0.39269888401031494
进军,0.41289687156677246,12.9310342669487,0.7305437326431274
江南,0.7120235860347748,13.691791206598282,0.5702253878116608
整齐,0.28658467531204224,5.342109382152557,0.4213365912437439
进一步提高,0.46200478076934814,8.490582883358002,0.6439447402954102
个别,0.24655300378799438,7.704695224761963,0.6384200155735016
法官,0.6843034029006958,13.78619134426117,0.4823187589645386
用力,0.3350769281387329,10.547956049442291,0.6916509568691254
这位,0.22070366144180298,4.205160617828369,0.24762600660324097
过来,0.26229023933410645,6.611401557922363,0.42979514598846436
参考,0.6997470259666443,11.146648228168488,0.4798058271408081
夺取,0.3703756332397461,8.020012319087982,0.5414341688156128
写下,0.45453059673309326,6.181229054927826,0.4110853672027588
室内,0.5175492167472839,10.461788475513458,0.5726535022258759
收,0.22424215078353882,5.548741638660431,0.2710888385772705
奋战,0.42615485191345215,7.2522260546684265,0.4479910135269165
补,0.5021789968013763,11.263034075498581,0.6040636003017426
山地,0.5894297063350677,10.630239188671112,0.40649592876434326
不错,0.40768080949783325,10.869945764541626,0.5069251358509064
换,0.25119131803512573,7.6231014132499695,0.4589083790779114
边界,0.3847957253456116,9.86017495393753,0.55543652176857
岛,0.3797890543937683,9.217147648334503,0.47444969415664673
大多,0.9168807342648506,21.042113728821278,0.703514039516449
行走,0.5912545621395111,13.101164311170578,0.4120975732803345
命名,0.6981917917728424,12.647030025720596,0.6156665980815887
繁忙,0.3737795352935791,8.082941114902496,0.7199171185493469
世界各地,0.7869591265916824,16.181463673710823,0.8306776732206345
南北,0.3611968755722046,9.282979309558868,0.20127350091934204
之初,0.7496895492076874,21.643915504217148,0.6556739807128906
激烈,0.11121726036071777,3.038307309150696,0.3959146738052368
重大意义,0.6678512692451477,7.406293511390686,0.6753982305526733
山村,0.4463709592819214,11.166173815727234,0.46373897790908813
出新,0.6969034969806671,15.994151413440704,0.5650871992111206
无限,0.19615089893341064,5.2247593998909,0.5256768763065338
混合,0.6218224763870239,14.334877580404282,0.6771282255649567
旧,0.22490167617797852,5.782758593559265,0.3887379765510559
最低,0.3089803457260132,6.817189693450928,0.34861820936203003
岗,0.6079593598842621,17.82707104086876,0.7630989253520966
木,0.49802571535110474,12.67558491230011,0.5562469065189362
创造力,0.6622319221496582,10.67952635884285,0.5778590738773346
第一位,0.3079049587249756,7.43882828950882,0.5558863580226898
最快,0.6682561039924622,10.59024465084076,0.6872231066226959
斤,0.2871941924095154,4.170669794082642,0.2845805883407593
富裕,0.5728747844696045,10.043905138969421,0.4303668141365051
叮嘱,0.5395665466785431,15.702211529016495,0.37694448232650757
一笔,0.19157201051712036,4.358564138412476,0.26059651374816895
根,0.24802178144454956,7.586204528808594,0.3686840534210205
闭幕,0.3227384686470032,4.154333174228668,0.2923877239227295
源泉,0.39742153882980347,7.980561971664429,0.5368435978889465
冰,0.7417968809604645,14.974230915307999,0.8524682372808456
感情,0.33506298065185547,3.701518476009369,0.41430485248565674
表决,0.5306138694286346,8.409142404794693,0.25700658559799194
北,0.27733463048934937,8.715988993644714,0.24016696214675903
处在,0.30037182569503784,5.334704875946045,0.37806618213653564
树木,0.2820913791656494,4.710233271121979,0.30861032009124756
紧密结合,0.4570690989494324,8.496317625045776,0.5594760477542877
不好,0.15015506744384766,4.18552303314209,0.24866926670074463
节省,0.3082067370414734,4.561591625213623,0.3332114815711975
分子,0.28394991159439087,6.6961992383003235,0.6005291044712067
错误,0.1654893159866333,3.799279808998108,0.2896217107772827
一面,0.1054372787475586,4.731987535953522,0.3748571276664734
兄弟,0.2701086401939392,6.187159419059753,0.46559542417526245
用来,0.381391704082489,8.605562031269073,0.5390532910823822
即可,0.7299290001392365,13.164887219667435,0.4476214647293091
灿烂,0.59600630402565,5.426591694355011,0.42536425590515137
便是,0.8387183547019958,18.937321603298187,0.8831883668899536
区内,0.8152401000261307,24.791609600186348,0.6749500334262848
菲律宾,0.38387012481689453,11.122590780258179,0.5572591125965118
清楚,0.1072799563407898,3.7222769260406494,0.1938467025756836
想到,0.27252960205078125,6.176223814487457,0.28902995586395264
等待,0.3765028715133667,9.895400583744049,0.47835153341293335
伊拉克,0.4003409147262573,8.500990152359009,0.3822280168533325
庄严,0.5884095430374146,7.366706430912018,0.34587186574935913
蓬勃,0.3570377826690674,7.836599707603455,0.586219072341919
一周,0.28835928440093994,7.53949111700058,0.4776591658592224
深切,0.25601643323898315,4.522656738758087,0.24453705549240112
济南,0.28527218103408813,7.72649210691452,0.46460020542144775
小事,0.35554957389831543,6.359389901161194,0.340758740901947
含,0.4420384168624878,8.359512150287628,0.915715903043747
多来,0.44702571630477905,6.403749227523804,0.6277920007705688
开办,0.4389660358428955,6.8628804087638855,0.46752649545669556
中东,0.5377903580665588,8.91398137807846,0.36288630962371826
邮政,0.6201304793357849,16.778066843748093,0.4377422332763672
之上,0.5361208915710449,7.933026492595673,0.5217350721359253
直到,0.364809513092041,7.255891501903534,0.3769029378890991
广泛开展,0.48431307077407837,9.070994973182678,0.5369988977909088
厂,0.2002841830253601,3.9182204604148865,0.2486586570739746
党政,0.34970349073410034,8.444810628890991,0.7184110283851624
汇集,0.6350713968276978,15.389700770378113,0.6417313516139984
情节,0.4163433313369751,5.946378827095032,0.5616276562213898
化学,0.16538888216018677,5.082371890544891,0.5693515837192535
特性,0.6503550112247467,15.728056132793427,0.8737250864505768
供,0.5149738192558289,8.9678835272789,0.4675331115722656
满,0.7376519441604614,11.985635250806808,0.3145144581794739
天地,0.7174929678440094,12.288924634456635,0.5289486348628998
小型,0.18205946683883667,6.408609449863434,0.6600072383880615
软,0.39190036058425903,12.188364505767822,0.62016162276268
官员,0.24383151531219482,4.353577673435211,0.4141191840171814
实物,0.3230024576187134,8.93834239244461,0.6522146165370941
建军,0.44450169801712036,9.891979813575745,0.6008459329605103
美元,0.17725372314453125,4.507906973361969,0.292640745639801
群众反映,0.7346339821815491,18.14503175020218,1.0769437029957771
青年人,0.5229721367359161,15.036732465028763,0.7659463435411453
分公司,0.527451753616333,13.427701592445374,0.4547243118286133
勋章,0.31600725650787354,5.584297001361847,0.3671095371246338
诊断,0.4796310067176819,5.51943963766098,0.5783753395080566
门口,0.19247430562973022,5.495918869972229,0.2147054672241211
道理,0.328849196434021,5.485128819942474,0.4776942729949951
看待,0.5201415717601776,10.282335370779037,0.6084201335906982
拆除,0.5633662045001984,12.904505670070648,0.5339833796024323
唱,0.14061498641967773,3.760646164417267,0.1503698229789734
致,0.3029903173446655,6.994227945804596,0.2890275716781616
严密,0.2330440878868103,8.626737475395203,0.5468565225601196
纠正,0.3285682797431946,5.194342076778412,0.4587637186050415
会谈,0.30458909273147583,5.46798574924469,0.41439932584762573
份,0.4212403893470764,10.145595967769623,0.5154174566268921
唯有,0.9178047105669975,32.288564912974834,0.7315867245197296
适宜,0.6262562572956085,9.790786176919937,0.5451187491416931
店,0.9358326271176338,13.110729910433292,0.6354990303516388
沙,0.8498392105102539,17.857625007629395,0.4845513701438904
少年,0.727268248796463,12.053790420293808,0.5009450316429138
鱼,0.6624038219451904,6.265815317630768,0.511008232831955
智利,0.34715914726257324,10.320297718048096,0.4993036389350891
提到,0.4351118206977844,10.912204027175903,0.5214186608791351
划分,0.4187001585960388,10.154014348983765,0.24189722537994385
州,0.18313300609588623,6.875355839729309,0.4146519899368286
概括,0.4814184308052063,8.477923810482025,0.5058199465274811
特,0.3992080092430115,10.854676842689514,0.8739568889141083
院,0.4099003076553345,13.505130410194397,0.5662700533866882
竣工,0.42364633083343506,6.763505399227142,0.4026297330856323
商量,0.157049298286438,7.105108857154846,0.18502789735794067
明,0.5397389829158783,15.101253777742386,0.5590499043464661
美的,0.6136966347694397,13.171266287565231,0.7094869613647461
渐渐,0.38246434926986694,9.094148695468903,0.3067079782485962
突然,0.19375938177108765,3.623618483543396,0.22097796201705933
发动,0.20313221216201782,5.57392430305481,0.5227449238300323
稻田,0.3693411946296692,6.539634943008423,0.3684256076812744
艰难,0.31490975618362427,7.636064767837524,0.44240474700927734
领袖,0.4205099940299988,6.186090707778931,0.3976912498474121
接连,0.33508700132369995,12.132619261741638,0.7371031045913696
以此,0.29827648401260376,12.31319773197174,0.6228927075862885
夏天,0.37636953592300415,6.943044900894165,0.40704256296157837
首要,0.6057544946670532,12.387742340564728,0.6900277733802795
放松,0.3034650683403015,7.151483535766602,0.3322319984436035
出生,0.7734829485416412,12.035899445414543,0.9420281387865543
内心,0.2863199710845947,6.630878448486328,0.2929965853691101
响起,0.16436374187469482,2.6909594535827637,0.21549975872039795
坚信,0.49636852741241455,12.695392727851868,0.5536246597766876
光彩,0.6292425692081451,11.523451745510101,0.5624000132083893
乘坐,0.4790685176849365,6.2376349568367,0.35095471143722534
一人,0.31376439332962036,8.93008840084076,0.359424352645874
全军,0.25745832920074463,7.6275681257247925,0.36383056640625
风雨,0.4100306034088135,8.878918290138245,0.641735851764679
黄金,0.39201438426971436,10.076425611972809,0.5058400928974152
团长,0.15687179565429688,4.033648312091827,0.4946473240852356
一派,1.0051363119855523,10.633079894818366,0.9973268529865891
好日子,0.46165841817855835,15.38922256231308,0.48153865337371826
龙,0.9293307512998581,22.644423127174377,0.6839517652988434
科,0.4620542526245117,11.751942157745361,0.6366644501686096
称号,0.1729753613471985,4.892427384853363,0.27310919761657715
大家庭,0.6794023215770721,10.289505809545517,0.5771845579147339
韩,0.7192192673683167,17.280960977077484,0.5534285604953766
半年,0.2252458930015564,6.608540594577789,0.3296580910682678
全会,0.5422479808330536,9.575447291135788,0.6368176937103271
灯光,0.3137885332107544,5.594239413738251,0.34940093755722046
一头,0.2540279030799866,4.709094762802124,0.49832093715667725
种地,0.3872308135032654,8.6486696600914,0.2993246912956238
军,0.3418583273887634,7.998457431793213,0.542346328496933
霸权,0.7261974811553955,15.767108261585236,0.49866026639938354
一根,0.10244089365005493,2.9899287819862366,0.16304975748062134
座谈,0.26960819959640503,6.015770852565765,0.43477123975753784
立,0.7421711385250092,14.338262528181076,0.8646794557571411
西北,0.32814228534698486,6.991119980812073,0.4780256152153015
脚下,0.5107438862323761,8.465812593698502,0.5700885653495789
单,0.8086554855108261,22.666480734944344,0.8312147259712219
设,0.48951447010040283,11.345890402793884,0.6464085578918457
中有,0.2835869789123535,10.710812032222748,0.5605679750442505
输入,0.6233634650707245,14.61760824918747,0.7908464521169662
斯,0.16400295495986938,4.690080642700195,0.23615241050720215
常,0.5747304558753967,19.25586837530136,0.5962267518043518
波动,0.5456416308879852,10.413659244775772,0.3812146782875061
扎,0.4460453391075134,12.391342520713806,0.727159857749939
今日,0.5696830153465271,12.62584775686264,0.5741896331310272
输送,0.5458723306655884,12.751209735870361,0.6277104020118713
重复,0.5435184836387634,10.846404075622559,0.7830303758382797
分散,0.36151647567749023,6.514994144439697,0.3525239825248718
每亩,0.14510762691497803,2.941993832588196,0.16138386726379395
春耕,0.24098247289657593,6.251745700836182,0.32830774784088135
终身,0.45116186141967773,13.652748703956604,0.6572881639003754
俱乐部,0.5070067942142487,9.805436998605728,0.701349526643753
新年,0.49960649013519287,8.02845311164856,0.46411097049713135
如同,0.5185959041118622,14.549465149641037,0.42433154582977295
千里,0.3947843313217163,9.169900357723236,0.5625285804271698
大兴,0.6098395586013794,22.55064022541046,0.899226225912571
印度尼西亚,0.6043763756752014,10.251233220100403,0.5501099824905396
房,0.3730432391166687,10.196975946426392,0.3325929045677185
增设,0.5662865936756134,13.277774006128311,0.5100982487201691
已达,0.1536540389060974,4.116879343986511,0.3367674946784973
打仗,0.4664193391799927,11.81293272972107,0.5092279016971588
扛,0.16936731338500977,5.926224946975708,0.36587387323379517
药,0.2961631417274475,7.636469900608063,0.3247113823890686
冬天,0.20584988594055176,5.1651031374931335,0.25237149000167847
尚未,0.6777052283287048,11.657961934804916,0.3827757239341736
辛苦,0.4369363784790039,11.668571770191193,0.43466097116470337
国际贸易,0.5890906453132629,10.168448477983475,0.670257031917572
勉励,0.3002781271934509,8.869403600692749,0.28362154960632324
基点,0.6880233585834503,25.788790732622147,1.040334314107895
旁,0.3744209408760071,6.286381661891937,0.26894283294677734
象征,0.4517633318901062,8.376280307769775,0.44466108083724976
富强,0.4999768137931824,8.873042166233063,0.46285897493362427
展望,0.7069395780563354,16.515919059515,0.7297197580337524
维持,0.18418920040130615,6.756864964962006,0.5457118451595306
并非,0.7004011273384094,15.560233443975449,0.5941239595413208
入,0.38986122608184814,14.764603316783905,0.4554288983345032
广州市,0.8027472347021103,11.011468335986137,0.8214166313409805
局部,0.5001564621925354,12.325350940227509,0.62730672955513
八,0.24001407623291016,7.183394432067871,0.5248734056949615
搭,0.22741633653640747,5.8724910616874695,0.2755945324897766
中来,0.4017568826675415,13.219447612762451,0.5388385653495789
华侨,0.4423344135284424,7.248505115509033,0.20294278860092163
舞,0.48334038257598877,5.39617794752121,0.3497772216796875
心愿,0.6706933975219727,14.568061202764511,0.8128083348274231
篇,0.48541897535324097,10.465862452983856,0.44009673595428467
书店,0.35542863607406616,9.610781073570251,0.34189939498901367
工作队,0.529143363237381,14.064334362745285,0.40043342113494873
大批,0.19352787733078003,4.206977844238281,0.43091142177581787
大多数,0.33839428424835205,8.588876903057098,0.4198877215385437
剧院,0.7241590321063995,10.547757238149643,0.4139711856842041
不易,0.5748702883720398,14.01863119006157,0.5650273859500885
第二批,0.7353994846343994,31.04031476378441,0.7773568034172058
行使,0.4132976531982422,7.6492462158203125,0.26942622661590576
双手,0.2937581539154053,5.402076780796051,0.33401966094970703
古巴,0.5965926051139832,11.844309687614441,0.5731076300144196
会长,0.5114839673042297,5.0060789585113525,0.3652992248535156
慢慢,0.31287068128585815,9.042890667915344,0.2720884084701538
火车,0.14467567205429077,4.1310901045799255,0.2210749387741089
美国政府,0.40323472023010254,7.857953250408173,0.4128061532974243
匈牙利,0.5033406615257263,11.575492650270462,0.4329264163970947
款,1.020823573693633,12.5777985509485,0.6068059206008911
味道,0.7139573693275452,12.739309191703796,0.6526639461517334
兴奋,0.14609593152999878,3.472561001777649,0.18052494525909424
蔓延,0.3901253342628479,8.7399463057518,0.40977126359939575
文艺工作者,0.5246754586696625,10.605809062719345,0.614906907081604
见面,0.43489325046539307,8.323929369449615,0.3355412483215332
二次,0.6608990430831909,22.180346369743347,0.7011442184448242
抱,0.227838397026062,5.856413662433624,0.3166976571083069
这部,0.5480619370937347,5.439934879541397,0.5795877575874329
只会,0.5258674025535583,13.292681157588959,0.5581068694591522
辆,0.10844582319259644,2.9245795607566833,0.2741657495498657
地点,0.3379266858100891,8.79897940158844,0.266984760761261
扩张,0.30473947525024414,7.5623414516448975,0.41389650106430054
全线,0.6999278962612152,14.648992478847504,0.30353784561157227
实,0.690106600522995,18.746331691741943,0.9036216139793396
人民日报,0.24725574254989624,5.265048444271088,0.2270904779434204
谈话,0.39012467861175537,5.801033794879913,0.493971586227417
影片,0.4131683111190796,5.37898451089859,0.4538857936859131
大海,0.7523436546325684,7.896452039480209,0.5993811786174774
破,0.1897181272506714,7.458017945289612,0.6993995308876038
吃饭,0.13995361328125,4.470700204372406,0.12915074825286865
养成,0.33085358142852783,6.981166958808899,0.32710933685302734
一手,0.29003822803497314,7.238935828208923,0.2636822462081909
眼光,0.4716099500656128,9.978884220123291,0.4688452482223511
不高,0.29760926961898804,5.870472848415375,0.800584688782692
答,0.7925208359956741,24.835850402712822,0.7295905649662018
列为,0.6479945182800293,15.094471246004105,0.6076357066631317
原始,0.6915301084518433,16.57076519727707,0.9450563862919807
千方百计,0.3988702893257141,9.891822338104248,1.0433363318443298
共产党员,0.19875681400299072,6.431855618953705,0.3559303879737854
说话,0.28034186363220215,6.803530812263489,0.4122801423072815
证据,0.7937842607498169,9.403791606426239,0.2494085431098938
赔偿,0.37958937883377075,8.680905938148499,0.2758280038833618
去年底,0.8416328281164169,23.79674156010151,0.8397295773029327
安,0.6383464932441711,13.898133456707,0.5734539330005646
颜色,0.415455162525177,6.21198570728302,0.5739478170871735
所得,0.6043480038642883,12.11651161313057,0.5775157809257507
依赖,0.35485655069351196,8.1060351729393,0.48644185066223145
一辆,0.10511797666549683,2.516923725605011,0.169766366481781
陷入,0.1327817440032959,4.377811789512634,0.40712499618530273
层层,0.4116945266723633,10.307916462421417,0.6268250346183777
入手,0.6304284334182739,15.198010414838791,0.6984080970287323
季节,0.13100141286849976,3.3603691458702087,0.33548831939697266
脸上,0.12353724241256714,2.625907599925995,0.10699522495269775
黑,0.4752064347267151,9.49218487739563,0.345761775970459
农,0.5354953110218048,8.486749857664108,0.6762319803237915
改良,0.5101591944694519,7.751560032367706,0.4475943446159363
两侧,0.30407190322875977,7.395322918891907,0.5534389317035675
明白,0.21529513597488403,6.70933735370636,0.26714038848876953
赛,0.8266252726316452,14.627060532569885,0.7859192192554474
失败,0.17439955472946167,4.706427276134491,0.38312381505966187
煤矿,0.13473069667816162,5.208649933338165,0.3235591650009155
一颗,0.20213758945465088,4.521089553833008,0.4381709098815918
铺,0.286638081073761,6.760498464107513,0.3433678150177002
越过,0.3368382453918457,9.458870768547058,0.6796549260616302
歌曲,0.17258793115615845,4.739928364753723,0.26200389862060547
石头,0.18490266799926758,4.786061346530914,0.27256476879119873
亮,0.5898022651672363,10.164719223976135,0.3999807834625244
播种,0.11747139692306519,3.7203277349472046,0.2188931107521057
县委,0.5763200521469116,4.689301073551178,0.29867589473724365
交换,0.33700549602508545,6.423750996589661,0.47247034311294556
郭,0.49659615755081177,15.24106615781784,0.3031928539276123
人为,0.6737861633300781,16.50947266817093,0.8259976506233215
清晨,0.27864891290664673,6.431961119174957,0.5001116096973419
留在,0.3283848762512207,9.946272194385529,0.47805410623550415
关,0.472289502620697,13.030001699924469,0.698890209197998
短短,0.29267019033432007,6.855509400367737,0.33884817361831665
气氛,0.19798493385314941,2.517767071723938,0.23824894428253174
五一,0.3098403811454773,6.780620872974396,0.8112882971763611
乌,0.6765863001346588,15.24347972869873,0.8089248389005661
旅,0.43897920846939087,9.281214118003845,0.5710130929946899
征求意见,0.5907869637012482,12.805946260690689,0.6953420042991638
半个,0.24907052516937256,4.297826111316681,0.34786027669906616
白天,0.12406343221664429,4.657337725162506,0.13796299695968628
导师,0.4715779423713684,8.840231001377106,0.9387170262634754
精力,0.5266395211219788,6.114917755126953,0.5141551494598389
书籍,0.36992591619491577,6.13701593875885,0.21037310361862183
正以,0.5310431718826294,14.662811815738678,0.5029613971710205
顾客,0.387656033039093,6.489381194114685,0.5374429523944855
邻居,0.6279175281524658,14.602675288915634,0.3824058175086975
队长,0.4810853600502014,7.092759191989899,0.3451716899871826
很难,0.6328263580799103,16.32124161720276,0.6353581547737122
大山,0.5168576240539551,10.97188127040863,0.5230442881584167
情景,0.3949933648109436,6.769059836864471,0.428131639957428
铁,0.2574532628059387,8.55334609746933,0.43236005306243896
法庭,0.4953683018684387,9.761849522590637,0.42816162109375
楼,0.685247927904129,13.15796348452568,0.41013288497924805
发达,0.5325674414634705,6.2425172328948975,0.46923333406448364
是因为,0.3143123984336853,13.21160763502121,0.6534028649330139
治,0.26468485593795776,9.124745309352875,0.5279251635074615
界,0.8146591782569885,13.828460544347763,0.7318337857723236
频繁,0.35261380672454834,8.937098503112793,0.5733088254928589
巡逻,0.22609323263168335,7.027711749076843,0.2724800109863281
考试,0.5991816818714142,7.921131879091263,0.4671756625175476
灾区,0.44974517822265625,9.714227318763733,0.31614094972610474
实习,0.6659239530563354,12.997758388519287,0.5452719330787659
运送,0.2323170304298401,6.277420222759247,0.2537556290626526
花园,0.7536759823560715,14.238450303673744,0.3977014422416687
出门,0.3071848750114441,10.339128494262695,0.25122761726379395
事物,0.5295605957508087,5.8466088473796844,0.6087460815906525
视为,0.6057352125644684,18.37708267569542,0.4801709055900574
降,0.7941223531961441,17.293872132897377,0.8295931667089462
野外,0.5954957008361816,16.419249176979065,0.6552518606185913
中午,0.30224597454071045,5.426213383674622,0.41318005323410034
附属,0.5575528144836426,11.317985564470291,0.5543979108333588
手里,0.18386662006378174,5.324470520019531,0.24879330396652222
施肥,0.16873860359191895,3.763343393802643,0.2632238268852234
踏实,0.6531455516815186,12.94619470834732,0.8022895008325577
从来,0.2379617691040039,6.620943307876587,0.27009421586990356
物质基础,0.6019242405891418,12.162111014127731,0.5324013531208038
下达,0.46655094623565674,9.864157140254974,0.5782863795757294
土,0.45591074228286743,9.43322467803955,0.2950962781906128
跟随,0.6845257580280304,21.94796907901764,0.5961617529392242
看见,0.17338454723358154,5.073655486106873,0.20376360416412354
结合实际,0.6042885482311249,17.299642950296402,0.6094118356704712
听说,0.2197234034538269,8.160498142242432,0.31992536783218384
谅解,0.466890811920166,6.831256449222565,0.7231167256832123
燃料,0.3451380133628845,6.3385555148124695,0.4025583863258362
紧,0.3129890561103821,6.6935349106788635,0.35990530252456665
乱,0.3687046766281128,6.873228490352631,0.40465492010116577
这条,0.2987290620803833,6.8128902316093445,0.2388913631439209
白,0.45415234565734863,9.4412299990654,0.3468579649925232
上学,0.4508393406867981,5.838492333889008,0.2554582357406616
热潮,0.177598774433136,5.9044225215911865,0.2910764217376709
算,0.7125861644744873,7.651224434375763,0.25842487812042236
管辖,0.653098464012146,15.376770377159119,0.5598617196083069
庞大,0.26453089714050293,8.668209075927734,0.3776136636734009
工会,0.19894194602966309,6.8417898416519165,0.4547445774078369
异常,0.4115030765533447,10.366263270378113,0.6705118715763092
所属,0.22203385829925537,6.122306168079376,0.3089948296546936
完工,0.4355947971343994,7.128699421882629,0.32857847213745117
有利,0.29451602697372437,5.000715851783752,0.46717673540115356
声明,0.19849765300750732,4.429609775543213,0.3370329737663269
诚挚,0.530919760465622,5.789402931928635,0.2626086473464966
情绪,0.16816222667694092,3.817496180534363,0.5375328361988068
接收,0.8959037587046623,21.177075870335102,0.5718132853507996
大使,0.09775024652481079,1.9569955468177795,0.2584388256072998
帮忙,0.5344882309436798,15.988193601369858,0.3739650249481201
想起,0.1987101435661316,4.719938278198242,0.22401201725006104
一群,0.24195057153701782,7.057189047336578,0.22020268440246582
地里,0.12430739402770996,3.946771025657654,0.14056628942489624
跳,0.25667595863342285,4.5392648577690125,0.3028838634490967
昔日,0.6723031103610992,14.59372866153717,0.8385798931121826
天空,0.2622256278991699,4.610346794128418,0.27859270572662354
放,0.3930516242980957,7.700344026088715,0.2573091387748718
生命财产,0.22517156600952148,5.839697599411011,0.34537768363952637
在外,0.6387624740600586,18.704410284757614,0.35641175508499146
章程,0.798611506819725,13.955493196845055,0.5036247670650482
启发,0.15859520435333252,5.994573712348938,0.6714175939559937
区委,0.4074208736419678,9.31520813703537,0.6289985477924347
秋粮,0.3902197480201721,13.982913434505463,0.4174523949623108
官方,0.31078022718429565,7.845014929771423,0.5122052729129791
合适,0.5348627269268036,13.50064703822136,0.6395230293273926
有没有,0.5123738050460815,15.465924501419067,0.6976068615913391
抗,1.0461407229304314,14.498286746442318,0.9181099459528923
差,0.3545149564743042,5.310430884361267,0.6364622414112091
上演,0.3225359320640564,6.772017002105713,0.4774056077003479
阻挡,0.4426339864730835,6.277040541172028,0.5147249400615692
永不,0.5097241699695587,10.025655776262283,0.671299546957016
以新,0.6481903195381165,24.180128395557404,0.7732417285442352
功勋,0.6670917272567749,7.764331698417664,0.6262450218200684
里面,0.3377741575241089,7.186300992965698,0.2693749666213989
过年,0.32920312881469727,10.311787366867065,0.3060757517814636
警察,0.2327263355255127,5.868896424770355,0.29871582984924316
支柱,0.6356818377971649,13.231647104024887,0.5799248516559601
接,0.6056246161460876,12.250388741493225,0.6711647510528564
只见,0.5828627347946167,6.145629554986954,0.39190036058425903
易,0.8793777897953987,23.136733688414097,0.8043005764484406
支部,0.3750517964363098,9.699712038040161,0.5325983464717865
子,0.303719699382782,11.316979587078094,0.41870957612991333
不小,0.48185819387435913,11.463040828704834,0.5359044969081879
业,0.9454750306904316,12.860291618853807,0.465390145778656
致敬,0.5040993392467499,14.440242499113083,0.3757656216621399
川,0.7844149470329285,14.393070667982101,0.2200237512588501
短期,0.33784937858581543,10.127649426460266,0.6553747355937958
行驶,0.4024806618690491,5.313580751419067,0.23352265357971191
总会,0.49875062704086304,10.226296246051788,0.5905815064907074
初期,0.49086928367614746,9.758420050144196,0.6864676773548126
致以,0.11317962408065796,2.5627166032791138,0.24301058053970337
练习,0.4353797435760498,8.887666463851929,0.2849518656730652
家属,0.3944711685180664,6.92559152841568,0.17487502098083496
伤害,0.6674715876579285,14.204923301935196,0.4117313027381897
月初,0.6475280523300171,16.883122116327286,0.5628315806388855
期限,0.48572301864624023,9.854548931121826,0.24600189924240112
利,0.7937815636396408,14.738013669848442,0.7100462913513184
商场,0.8232943564653397,15.823056980967522,0.3546517491340637
口袋,0.343957781791687,6.905727863311768,0.699960470199585
将来,0.23736315965652466,7.839113771915436,0.4340882897377014
航运,0.44032812118530273,10.47111451625824,0.45011669397354126
九,0.5827071368694305,9.038607150316238,0.5512151420116425
山上,0.26871418952941895,5.3746166825294495,0.2785422205924988
长时间,0.5128846764564514,10.529154121875763,0.6925279498100281
担负起,0.6337766051292419,13.076808393001556,0.705078661441803
代价,0.2090010643005371,4.553175330162048,0.33437496423721313
雨水,0.30724823474884033,6.518664062023163,0.4159831404685974
一层,0.18678051233291626,3.459355413913727,0.2001933455467224
灵魂,0.6312485039234161,10.542816042900085,0.5367531776428223
葡萄,0.5300830006599426,8.396820485591888,0.3838086724281311
受伤,0.2686578035354614,5.7549920082092285,0.25404495000839233
排,0.37636798620224,10.797384262084961,0.7088557481765747
第五,0.36202895641326904,12.787065029144287,0.5565456748008728
忠实,0.5065648853778839,10.449315875768661,0.47464871406555176
现状,0.5875978767871857,14.405710816383362,0.43274515867233276
玻璃,0.38233482837677,6.451958358287811,0.2508981227874756
遍布,0.5008815228939056,13.217466920614243,0.3138583302497864
客人,0.35505491495132446,6.5775758028030396,0.29786592721939087
主力军,0.6018454730510712,20.235234767198563,0.689429372549057
一只,0.1514345407485962,3.194453716278076,0.17221617698669434
时说,0.40021228790283203,6.464743435382843,0.6660970449447632
旅行,0.5903625786304474,13.25341984629631,0.5152822136878967
办公厅,0.845908522605896,8.282332718372345,0.5710045397281647
忘,0.2727799415588379,6.387571096420288,0.32064372301101685
缺少,0.284263551235199,6.222643077373505,0.3985213041305542
监狱,0.3289986848831177,9.011287987232208,0.4354221820831299
海运,0.736433357000351,19.045538038015366,0.32720261812210083
水产,0.6071007251739502,9.104312241077423,0.5550079941749573
六个,0.3289417624473572,12.304184198379517,0.7943636029958725
大米,0.21755671501159668,6.7329904437065125,0.24792277812957764
乘客,0.5076649785041809,11.402525842189789,0.5075793266296387
失去,0.28896933794021606,7.62538743019104,0.37912023067474365
每日,0.32071173191070557,9.110739588737488,0.37280285358428955
开采,0.23493027687072754,4.9505404233932495,0.23380953073501587
县委书记,0.5243656039237976,8.653276205062866,0.5025265216827393
兴起,0.7361319959163666,12.176941484212875,0.630265474319458
置于,0.4535958766937256,12.025812208652496,0.6066604554653168
仪器,0.4766561985015869,6.95859956741333,0.44980597496032715
迫切需要,0.5885898470878601,18.012897849082947,0.7954326719045639
厕所,0.5388583838939667,8.073095709085464,0.551185667514801
照料,0.4931678771972656,11.666305601596832,0.6072837710380554
著作,0.35176223516464233,5.191343188285828,0.4510684013366699
我军,0.3729276657104492,6.848165273666382,0.7580254077911377
忘记,0.19425004720687866,4.415927231311798,0.20116335153579712
油,0.1755262017250061,5.751504004001617,0.2550843358039856
善,0.8356580138206482,20.847341269254684,0.9014278426766396
人力,0.12751245498657227,3.121423840522766,0.1904720664024353
战场,0.25774627923965454,7.129027009010315,0.17760926485061646
国旗,0.2388606071472168,4.263969540596008,0.31239956617355347
笑容,0.17725920677185059,4.371473670005798,0.1426047682762146
剧场,0.7396999299526215,8.825657188892365,0.5733360946178436
丈夫,0.6041975915431976,7.873827964067459,0.22006702423095703
十足,0.7473590672016144,18.253465354442596,0.9023635685443878
指定,0.38308316469192505,11.009843945503235,0.3521382808685303
两天,0.2004467248916626,5.084117114543915,0.28954482078552246
全心全意,0.16763383150100708,3.613146722316742,0.2607240676879883
棉花,0.18334472179412842,5.496537744998932,0.33164769411087036
钻研,0.4649967551231384,8.483517289161682,0.5094894468784332
受欢迎,0.8089040517807007,12.663029104471207,0.6105642020702362
一方,0.6509819030761719,15.710502624511719,0.8050803691148758
春季,0.48004549741744995,10.481470346450806,0.5131417214870453
饱满,0.36384129524230957,9.00929319858551,0.2541928291320801
打算,0.42082661390304565,11.79709643125534,0.5368658304214478
加紧,0.15515315532684326,6.0335410833358765,0.4073002338409424
托,0.8378549665212631,13.58342020213604,0.8902993574738503
中等,0.7075655162334442,11.507461071014404,0.7461892068386078
得出,0.21815967559814453,6.0226277112960815,0.5881217122077942
朱,0.811719998717308,13.517427280545235,0.45278799533843994
细,0.5111477673053741,11.317971557378769,0.45167839527130127
爱国者,0.762843132019043,21.107280880212784,0.8662542402744293
新人,0.9447397813200951,14.029548224061728,1.1509531438350677
调,0.429787814617157,14.378631353378296,0.8268364369869232
正值,0.5055547058582306,11.306928783655167,0.48138248920440674
仓,0.7382759749889374,32.419889986515045,0.8671867102384567
真是,0.13640046119689941,5.261833846569061,0.2890271544456482
关闭,0.5951909124851227,14.247882813215256,0.5537138879299164
一家人,0.3553485870361328,12.112843573093414,0.39394211769104004
尽可能,0.4696590304374695,10.958843231201172,0.5717176496982574
产,0.4989694356918335,10.01348465681076,0.6822587549686432
对照,0.3521931767463684,11.577642917633057,0.7065914869308472
连日来,0.7162500619888306,18.163776516914368,0.6606782078742981
荷兰,0.3884943127632141,9.138735234737396,0.3791543245315552
压缩,0.6057980954647064,15.116703808307648,0.873787060379982
哈尔滨,0.3361601233482361,7.920464813709259,0.40941542387008667
指挥部,0.4182416796684265,9.294397175312042,0.2705491781234741
通常,0.7663604915142059,20.586212903261185,0.6478726863861084
电气,0.35627424716949463,11.787883639335632,0.3740222454071045
煤,0.13152122497558594,4.366189956665039,0.35996633768081665
此时,0.8979951813817024,24.932861156761646,0.6148270666599274
逐一,0.8316890746355057,23.395617350935936,0.7784000337123871
高压,0.7065175473690033,8.963820427656174,0.978040149435401
谈到,0.36676788330078125,6.110752046108246,0.45429861545562744
从此,0.4481468200683594,12.803429782390594,0.4749065041542053
生产方式,0.7091002762317657,16.866847693920135,0.7335959076881409
纺织,0.16065257787704468,4.999541103839874,0.5609085857868195
水面,0.34435462951660156,6.138678312301636,0.35219806432724
整顿,0.5852788388729095,9.194950729608536,0.6652612686157227
医务人员,0.3713884949684143,9.772429049015045,0.34146833419799805
第二天,0.17807096242904663,4.675480246543884,0.21522307395935059
半,0.3954407572746277,8.413678288459778,0.39490169286727905
故障,0.23960262537002563,5.820159673690796,0.4191771149635315
组长,0.3004307746887207,7.872833967208862,0.2734750509262085
同日,0.6247753798961639,19.40594771504402,0.5764074623584747
下半年,0.46560436487197876,9.516180872917175,0.6061765849590302
高中,0.3573415279388428,5.650510311126709,0.31146156787872314
事迹,0.46270751953125,5.017637491226196,0.18121367692947388
人间,0.5197554528713226,10.279292732477188,0.643869012594223
一遍,0.23682695627212524,4.487752616405487,0.22043269872665405
继续加强,0.6267607510089874,19.464456617832184,0.8286679983139038
薄弱,0.42724525928497314,8.294007360935211,0.5042531788349152
战友,0.4221917390823364,7.079726278781891,0.5471061170101166
逝世,0.37614506483078003,7.9018741846084595,0.3896567225456238
主管,0.7978050708770752,15.447857365012169,0.9048077613115311
工,0.37140822410583496,9.512154698371887,0.5562779903411865
清除,0.5038455426692963,9.555620521306992,0.3613015413284302
香,0.5983231067657471,11.27594381570816,0.5142785906791687
来回,0.383800745010376,8.46269291639328,0.37074631452560425
长大,0.3977099061012268,9.542890727519989,0.481001615524292
上面,0.15610271692276,4.042918503284454,0.19112813472747803
村镇,0.8174703419208527,23.476333260536194,0.45840340852737427
波兰,0.39995795488357544,9.277533292770386,0.36104369163513184
出色,0.36022818088531494,6.721645355224609,0.6877944469451904
车站,0.23371368646621704,4.773327052593231,0.4598909616470337
候选人,0.5789836645126343,9.996149003505707,0.33723825216293335
提起,0.4971467852592468,14.35588538646698,0.650918573141098
走近,0.5675877928733826,17.566145598888397,0.6103271842002869
老家,0.4733452796936035,14.389852285385132,0.44283634424209595
记载,0.5827182531356812,9.184314996004105,0.5471929311752319
必,0.6977370083332062,22.99798810482025,0.7430436015129089
之下,0.2644904851913452,6.735326945781708,0.6848796308040619
适时,0.8359289318323135,10.952885672450066,0.7931438237428665
练,0.46723031997680664,9.2773756980896,0.31882649660110474
白色,0.4102856516838074,6.653908312320709,0.3374130129814148
做起,0.7985552251338959,19.820241138339043,0.6907584965229034
块,0.2840575575828552,8.196656048297882,0.3645467758178711
抢,0.23979169130325317,7.714097023010254,0.5892022550106049
集中力量,0.4085344672203064,10.234044849872589,0.730406641960144
最长,0.47040462493896484,12.63561600446701,0.5453058779239655
一行,0.36311715841293335,6.071408331394196,0.5320819914340973
物品,0.4418689012527466,9.53995954990387,0.3553987145423889
铜,0.5307802855968475,7.170369416475296,0.524057537317276
指着,0.20764559507369995,6.439129889011383,0.2862107753753662
外来,0.5407391488552094,10.487605065107346,0.6889632642269135
屋顶,0.4681529998779297,8.186897456645966,0.6941023468971252
理事长,0.24747079610824585,6.521799921989441,0.4559159278869629
最小,0.6070760488510132,12.666553974151611,0.8589234948158264
奔跑,0.5832692980766296,14.563746392726898,0.49113208055496216
印度,0.45614415407180786,8.875377833843231,0.3589118719100952
群众性,0.1892240047454834,5.997721433639526,0.5434679388999939
埋头苦干,0.7133804261684418,15.625718295574188,0.6304949522018433
新西兰,0.4998806118965149,10.874669849872589,0.4151642322540283
互助,0.5303238332271576,9.548853248357773,0.4840845465660095
筹备,0.6113625764846802,10.839155822992325,0.4442795515060425
巡回,0.5362822115421295,13.347719699144363,0.5984787940979004
费,0.41578495502471924,8.623745024204254,0.3272000551223755
清水,0.5115584433078766,14.031487315893173,0.6770224571228027
导演,0.4233001470565796,6.714781403541565,0.5363131463527679
诗,0.4547475576400757,5.66005551815033,0.2818832993507385
时时,0.6983937323093414,16.249460756778717,0.7713777273893356
可爱,0.6184569597244263,10.784404635429382,0.751992404460907
纯,0.7948404848575592,20.25078195333481,0.8274026662111282
海水,0.8248477727174759,8.85928638279438,0.6973041296005249
每到,0.39605820178985596,9.6282399892807,0.4490773677825928
绝不,0.38067078590393066,10.271949887275696,0.38936805725097656
奔,0.8113885819911957,13.423669815063477,0.5036042332649231
春风,0.6816806197166443,8.868782788515091,0.651021420955658
齐全,0.605692446231842,12.136591255664825,0.8092391192913055
传来,0.1740538477897644,4.015548408031464,0.37001800537109375
全长,0.22979122400283813,3.9894596934318542,0.23524731397628784
轻,0.35823947191238403,8.178592681884766,0.7640930861234665
优异,0.5723530650138855,9.28692677617073,0.49115705490112305
渴望,0.4317389726638794,10.037309348583221,0.5209023952484131
互相,0.11786812543869019,3.386570632457733,0.2666892409324646
一刻,0.6186585128307343,15.268673926591873,0.675703763961792
当然,0.28384459018707275,7.615745484828949,0.4997163414955139
前夕,0.2518573999404907,6.284580945968628,0.3950076699256897
一员,0.5966682136058807,19.284322798252106,0.5226477682590485
而成,0.802496999502182,14.778539180755615,0.588184118270874
入党,0.3914502263069153,8.46086460351944,0.5165846645832062
顾问,0.4572211503982544,9.24398523569107,0.31747984886169434
一本,0.3211280107498169,4.964453995227814,0.32922476530075073
东北地区,0.8404549360275269,24.224724531173706,0.8034803122282028
议会,0.38356339931488037,4.8370383977890015,0.4052863121032715
实际上,0.19069892168045044,9.198939859867096,0.4932126998901367
我家,0.45308607816696167,11.297405004501343,0.2976732850074768
鉴定,0.4919441342353821,9.844962239265442,0.6318792104721069
下列,0.6754854917526245,11.503377318382263,0.5909727811813354
强有力,0.40485435724258423,11.741968989372253,0.48980021476745605
一棵,0.19583946466445923,3.592239201068878,0.19917148351669312
两名,0.3103192448616028,6.84406054019928,0.48892152309417725
顶,0.2854198217391968,7.897168815135956,0.43495839834213257
联合声明,0.6150029003620148,8.757538944482803,0.5062200725078583
填补,1.0133914537727833,14.570311520248652,0.847642108798027
欢乐,0.5471618175506592,5.1566662192344666,0.36904215812683105
想要,0.5995524525642395,24.34441238641739,0.4876595735549927
市区,0.5448864698410034,7.630925893783569,0.4483795166015625
时常,0.6997562348842621,19.525979816913605,0.4336923360824585
长安,0.7825272381305695,23.509140253067017,0.8469686508178711
光芒,0.35685837268829346,6.154758512973785,0.4409552216529846
剧团,0.3528907895088196,8.234547734260559,0.28794407844543457
足够,0.3565600514411926,8.778291821479797,0.5460411608219147
装,0.23228567838668823,5.937669396400452,0.24877303838729858
等国,0.12078285217285156,3.5406230092048645,0.2012084722518921
大团结,0.634120374917984,10.586136609315872,0.5152086913585663
商,0.6352388560771942,18.297105491161346,0.47608596086502075
修,0.48854929208755493,5.895500540733337,0.27759963274002075
这句,0.09165960550308228,2.5415563583374023,0.13398951292037964
研究会,0.8136187791824341,13.03131714463234,0.4896526336669922
走来,0.38718539476394653,11.366098403930664,0.8240023553371429
更换,0.7835268527269363,19.003110513091087,0.7496786415576935
饭,0.07309210300445557,3.2119840383529663,0.17655527591705322
合成,0.5616019368171692,13.684740573167801,0.8250643163919449
好评,0.3109794855117798,4.858815848827362,0.3857160210609436
石家庄,0.48677730560302734,9.259930908679962,0.42982178926467896
称赞,0.27974933385849,7.744804382324219,0.24723106622695923
小说,0.5998889803886414,6.230948507785797,0.3060792088508606
呼声,0.2908763885498047,7.176992774009705,0.41287022829055786
跳出,0.593380481004715,21.618042677640915,0.7693936973810196
会场,0.408416211605072,5.212934374809265,0.2313673496246338
万美元,0.16676390171051025,3.507011353969574,0.3628753423690796
长久,0.7151443064212799,20.617302507162094,0.7173354625701904
数学,0.41028928756713867,7.142557740211487,0.4953041076660156
火,0.26512467861175537,7.836555063724518,0.46155816316604614
名义,0.2956776022911072,8.589022159576416,0.5274067521095276
多数,0.519349992275238,9.270624160766602,0.5417703986167908
起草,0.6865622699260712,12.222595572471619,0.3504081964492798
各大,0.7782109826803207,15.73165737092495,0.5843589603900909
超出,0.7496747374534607,11.80468213558197,0.49414557218551636
工作岗位,0.4759732484817505,8.601020574569702,0.5991681516170502
投,0.47308284044265747,12.037241339683533,0.677748054265976
往返,0.4250291585922241,8.117184579372406,0.2823248505592346
力求,0.5189474523067474,12.058661490678787,0.6189192235469818
亦,0.7045633792877197,14.08573916554451,0.9526416584849358
开花,0.5039093494415283,8.609519064426422,0.6141170561313629
垄断,0.26589494943618774,8.091165661811829,0.4331730008125305
却是,0.40988612174987793,11.432347536087036,0.7180559933185577
郑重,0.6886648237705231,18.11093759536743,0.565018355846405
陈列,0.4975470304489136,7.026595413684845,0.49618977308273315
新生,0.6495921313762665,14.33953270316124,0.5299040079116821
历时,0.3251275420188904,5.47222626209259,0.5054844319820404
多条,0.4383828639984131,11.530575394630432,0.7403335571289062
喝,0.08407217264175415,2.774080276489258,0.08178746700286865
全场,0.09368407726287842,3.365534484386444,0.1723092794418335
题为,0.1712900996208191,5.0449541211128235,0.2726498246192932
公顷,0.29969221353530884,4.246110916137695,0.3658127784729004
光荣传统,0.25112974643707275,5.894357681274414,0.23961442708969116
齐,0.5301984250545502,18.27997776865959,0.6062246561050415
进驻,0.669209212064743,14.554333686828613,0.7654158920049667
克,0.5212343335151672,8.881895244121552,0.6739078760147095
戴,0.372836709022522,7.966148257255554,0.23608064651489258
回忆起,0.6969214677810669,14.027639031410217,0.64329394698143
区别,0.3546927571296692,7.525509357452393,0.534275472164154
练兵,0.5644875168800354,14.622667253017426,0.40676748752593994
消耗,0.38708317279815674,5.5598756074905396,0.4141756296157837
正当,0.4755744934082031,11.059305369853973,0.48214155435562134
街头,0.19077563285827637,5.893643796443939,0.2736244797706604
身,0.3338320851325989,10.1650750041008,0.7068378925323486
山路,0.4142194390296936,5.805941045284271,0.5139499008655548
继,0.39341431856155396,12.073854506015778,0.6991595029830933
合,0.5559587478637695,14.855447560548782,0.7258336544036865
积极支持,0.6196981966495514,16.06092295050621,0.8626679629087448
一间,0.11852854490280151,3.3156564235687256,0.18641579151153564
挺,0.35595226287841797,8.665091514587402,0.8112842440605164
分离,0.6956558525562286,13.593966871500015,0.6650711596012115
喜悦,0.3244754672050476,4.087277948856354,0.21437430381774902
仓库,0.19627726078033447,6.811530530452728,0.30669552087783813
贵阳,0.38596630096435547,12.65054327249527,0.48990291357040405
大约,0.5877092480659485,7.590772569179535,0.6053608655929565
穿过,0.35348087549209595,5.687711536884308,0.28627556562423706
引,0.5044907629489899,16.64804008603096,1.138117402791977
查,0.6678535640239716,12.452096670866013,0.6606097519397736
雨,0.2387334108352661,6.550137162208557,0.2967941164970398
脆弱,0.7449831068515778,19.07768151164055,0.7943899929523468
防御,0.602064311504364,10.163659751415253,0.7923280149698257
一时,0.27398520708084106,8.191187798976898,0.4947579503059387
带给,0.5344429612159729,15.383119583129883,0.60186567902565
满载,0.5046012997627258,6.410568356513977,0.17702728509902954
好事,0.25497812032699585,5.726218819618225,0.35489529371261597
磋商,0.591905951499939,11.93029111623764,0.5351229012012482
油田,0.36645036935806274,9.573059558868408,0.5981884002685547
积极响应,0.6190680265426636,14.559964895248413,0.83162422478199
较强,0.7569062262773514,14.261626824736595,0.7432412505149841
水泥,0.28554707765579224,4.830661237239838,0.39209598302841187
编写,0.5791445970535278,7.033787369728088,0.6399924755096436
民,0.4598838686943054,13.364098846912384,0.5257031321525574
手法,0.5379395186901093,7.209245175123215,0.5624392032623291
一贯,0.3153535723686218,5.88459438085556,0.44854092597961426
出路,0.3962705731391907,8.131003975868225,0.3683437705039978
第七,0.3800792694091797,13.559816300868988,0.6422690451145172
治安,0.6581901609897614,11.93628415465355,0.582161545753479
提取,0.8531713783740997,12.391589552164078,0.7071559727191925
贴,0.3099808096885681,5.209075391292572,0.16742759943008423
相当,0.2731055021286011,5.696463882923126,0.4764787554740906
边疆,0.48245328664779663,7.481240510940552,0.8646154999732971
慢,0.3998899459838867,11.105033874511719,0.5544856488704681
批,0.7764056622982025,18.184258997440338,0.7081630825996399
衣服,0.07344967126846313,2.6135400533676147,0.1461259126663208
修正,0.5191605091094971,16.268592476844788,0.34316176176071167
之大,0.51610067486763,10.164834648370743,0.43418753147125244
决不能,0.4069967269897461,8.654663562774658,0.5897800326347351
爆发,0.2335127592086792,6.165705561637878,0.3444269299507141
五次,0.5294144749641418,17.43475639820099,0.8578864485025406
着手,0.34174609184265137,11.501614451408386,0.6393452882766724
望远镜,0.3885120749473572,10.084247350692749,0.7334328591823578
故乡,0.5641728043556213,11.254745990037918,0.41817033290863037
设有,0.4498811960220337,9.034408509731293,0.2787405252456665
停,0.3195481300354004,8.184134483337402,0.3346404433250427
叶,0.7148886024951935,16.911954045295715,0.7258963882923126
精密,0.5691819489002228,9.970227867364883,0.8476926684379578
杂志,0.16692990064620972,4.071389436721802,0.1908305287361145
落,0.3293101191520691,9.595385730266571,0.30500054359436035
改正,0.27831125259399414,6.064519941806793,0.5672183632850647
书面,0.5569061040878296,11.123075723648071,0.33410394191741943
爷爷,0.5170959830284119,14.193109214305878,0.4746789336204529
墙上,0.12853366136550903,3.6766951084136963,0.21520090103149414
阻碍,0.23646175861358643,8.985362648963928,0.30452829599380493
名为,0.8171790987253189,24.654216796159744,0.8643599152565002
文,0.6066113710403442,14.728671252727509,0.44860541820526123
口号,0.1663162112236023,6.169489800930023,0.49822598695755005
白皮书,0.5917470157146454,20.420487940311432,0.6793923079967499
爬,0.1167227029800415,3.576151430606842,0.18949580192565918
十,0.6304261982440948,15.337130755186081,0.7081957757472992
以内,0.66718989610672,14.421386569738388,0.6825887858867645
摆,0.3886074423789978,7.863894581794739,0.3354729413986206
不便,0.7330428957939148,15.459225177764893,0.7564353495836258
输出,0.519763171672821,13.809662163257599,0.7251834571361542
条款,0.4269893765449524,9.402101695537567,0.48699629306793213
交换意见,0.7008655071258545,11.19638991355896,0.6096983551979065
日本政府,0.6635124981403351,12.10961464047432,0.587098240852356
稳固,0.5190328657627106,19.103249669075012,0.6117918789386749
全力支持,0.6492792963981628,18.06047010421753,0.6183505356311798
当今,0.8641998618841171,22.044020131230354,0.8207909613847733
宣誓,0.337940514087677,11.647082686424255,0.4784386157989502
大城市,0.34112614393234253,8.474349975585938,0.4822888970375061
访,0.8875838369131088,21.711008951067924,0.9403936229646206
话剧,0.5415342450141907,8.777652621269226,0.45082706212997437
相同,0.6804923713207245,12.281900346279144,0.5081956684589386
真的,0.41794008016586304,12.521887183189392,0.46521615982055664
总值,0.24751591682434082,6.0940962433815,0.5593973696231842
胡,0.5486297905445099,13.898060351610184,0.5919770896434784
不息,0.47396183013916016,10.020830273628235,0.5693618357181549
企图,0.13173127174377441,4.403455317020416,0.3258601427078247
求,0.40740156173706055,11.781810283660889,0.3231232166290283
别国,0.5393600165843964,7.3138265907764435,0.4677712917327881
储存,0.6521627306938171,13.493238359689713,0.9044890403747559
东亚,0.8346512466669083,20.966543421149254,0.8085944503545761
拒绝,0.2062392234802246,6.258365571498871,0.3990892171859741
师资,0.5370727181434631,8.390065312385559,0.5003345906734467
莫斯科,0.2818014621734619,6.773810684680939,0.6070475280284882
焕然一新,0.36870789527893066,8.074503242969513,0.30337613821029663
末,0.6925277411937714,15.72916629910469,0.9145205467939377
赶到,0.20967549085617065,4.530048429965973,0.2514795660972595
平原,0.3377055525779724,6.308661580085754,0.2937312722206116
二十一,0.6555931568145752,14.47017017006874,0.9724827632308006
国民,0.35834020376205444,10.691943645477295,0.6092745065689087
退,0.5819310545921326,16.764109194278717,0.30440467596054077
墙,0.25606298446655273,7.932530462741852,0.4189683198928833
确实,0.37728428840637207,11.885077893733978,0.6662941873073578
燃烧,0.2128792405128479,5.892191588878632,0.5206049978733063
一同,0.5580837428569794,17.261777937412262,0.4469921588897705
特有,0.7609538286924362,15.218800500035286,0.6514428853988647
金属,0.5088733434677124,7.337961256504059,0.4808219075202942
两人,0.3427320718765259,11.979940712451935,0.44386303424835205
沟,0.27878451347351074,7.271368682384491,0.22579967975616455
皆,0.5486616790294647,12.55802595615387,0.6408509016036987
地带,0.3746703267097473,6.57131814956665,0.289811909198761
畔,0.4930897355079651,8.966735243797302,0.4269995093345642
心情,0.1268976926803589,3.006916344165802,0.2265409231185913
财力,0.1361783742904663,3.192138433456421,0.41399335861206055
一声,0.11620932817459106,3.4217028617858887,0.17327982187271118
迫切,0.29142260551452637,5.94889360666275,0.3945140242576599
杜,0.5697506070137024,12.736690938472748,0.5423281490802765
那天,0.2962360978126526,8.073641061782837,0.3309909701347351
留给,0.5393582582473755,15.03812751173973,0.5757188498973846
恶劣,0.36994796991348267,7.1596837639808655,0.46347564458847046
完毕,0.29997551441192627,8.239818155765533,0.3526619076728821
华北,0.7616167962551117,10.595035642385483,0.3549686670303345
沿岸,0.49788689613342285,6.922665655612946,0.1704065203666687
歌声,0.15154772996902466,2.8887113332748413,0.11465996503829956
火星,0.7211232483386993,18.06851977109909,0.8743559420108795
改为,0.44156235456466675,12.013593673706055,0.6353747546672821
首,0.8910668343305588,18.242004543542862,0.9282159879803658
表面,0.2540876269340515,8.219404876232147,0.7687722742557526
地形,0.30709052085876465,6.718567848205566,0.43433254957199097
工人阶级,0.3335033059120178,6.549036800861359,0.603806346654892
各界人士,0.4101676940917969,7.791094183921814,0.4928187131881714
自发,0.6343417465686798,14.311353594064713,0.8302458673715591
诗歌,0.4185166358947754,7.894254207611084,0.32425516843795776
透,0.4216282367706299,16.52925395965576,0.5318923890590668
选,0.6053139269351959,14.669383972883224,0.5635125041007996
解放军,0.4992021918296814,9.493890345096588,0.7247214913368225
随即,0.708440750837326,20.575594931840897,0.45015639066696167
耕种,0.2813049554824829,8.46205049753189,0.32525837421417236
违背,0.1997247338294983,6.051521062850952,0.3118569850921631
合法,0.5886631011962891,8.439015209674835,0.4804700016975403
颁发,0.43477892875671387,8.846264839172363,0.5511049628257751
河水,0.28979629278182983,4.55333811044693,0.281710147857666
怕,0.12110227346420288,4.421744704246521,0.19864678382873535
度过,0.5529108345508575,8.650206118822098,0.553171694278717
信,0.5610732436180115,11.18708524107933,0.3369094729423523
劲头,0.31275326013565063,8.096587181091309,0.7251695990562439
邻国,0.5742515623569489,12.542445361614227,0.6389432549476624
站长,0.7207052409648895,15.416034817695618,0.5481333136558533
大厦,0.5005059838294983,9.112661182880402,0.5614072978496552
不行,0.3684415817260742,6.553591072559357,0.36330145597457886
推,0.2627031207084656,8.860745370388031,0.27237629890441895
中旬,0.26295942068099976,4.3612929582595825,0.33626610040664673
所在地,0.39102065563201904,11.143738269805908,0.41496598720550537
专员,0.6527872383594513,13.477041095495224,0.5834538638591766
指导员,0.31287986040115356,7.590706408023834,0.3867683410644531
一步步,0.6388087868690491,23.018424570560455,0.7394631803035736
前面,0.20923131704330444,6.916207015514374,0.3112097978591919
好好,0.15731137990951538,5.767491161823273,0.20328301191329956
谷,0.9576915130019188,21.963328666985035,0.8732126653194427
排除,0.583012580871582,11.01587489247322,0.6816664040088654
收割,0.1276259422302246,4.004573464393616,0.2386830449104309
年产,0.2798173427581787,4.556454420089722,0.2238771915435791
多月,0.18674761056900024,4.169398546218872,0.4503079056739807
大同,0.5371705591678619,14.40609672665596,0.7319267988204956
到处,0.15802264213562012,4.532745540142059,0.34214335680007935
犹如,0.8272706270217896,12.780213117599487,0.7545052915811539
加拿大,0.4232153296470642,9.437106788158417,0.41543179750442505
深感,0.7718533277511597,16.510721519589424,0.6284110844135284
好不好,0.7257875800132751,24.55763304233551,0.7722080051898956
反应,0.6775655150413513,10.827874958515167,0.6512126922607422
进城,0.848236694931984,13.508308365941048,0.5244015455245972
涌现出,0.23934084177017212,5.952692747116089,0.2863333225250244
山林,0.6344639360904694,14.168541252613068,0.5982599258422852
抬头,0.42685467004776,10.770519256591797,0.5469818711280823
片,0.8253551423549652,16.458445727825165,0.6095246374607086
联合国大会,0.3459566831588745,8.355345606803894,0.38382428884506226
公告,0.5438211560249329,15.530131727457047,0.46710526943206787
加强团结,0.4549063444137573,13.249183475971222,0.6341629028320312
良田,0.16836684942245483,6.794342994689941,0.3479638695716858
市政,0.5165652632713318,15.78691440820694,0.7556341290473938
销路,0.5283518433570862,10.757479310035706,0.5089668333530426
未能,0.52228644490242,10.34153488278389,0.40100258588790894
领取,0.6234169006347656,12.92506730556488,0.5333337485790253
漫长,0.5338387191295624,9.121409803628922,0.6143466234207153
土耳其,0.506419837474823,11.9242662191391,0.8292109668254852
盯,0.4128764867782593,9.646866798400879,0.614425003528595
尊严,0.47189635038375854,8.395674228668213,0.5071994364261627
视察,0.5102551579475403,11.536721527576447,0.5199035704135895
城里,0.7066814601421356,10.920348733663559,0.35085809230804443
班长,0.2871083617210388,7.6348724365234375,0.25203949213027954
反响,0.41994863748550415,6.226106524467468,0.6305769085884094
占据,0.5224370062351227,13.401200324296951,0.6324066519737244
戏,0.22600513696670532,5.464936435222626,0.34674715995788574
空军,0.1706950068473816,5.46147084236145,0.25794899463653564
一辈子,0.26181185245513916,8.262419819831848,0.4166850447654724
自愿,0.5899185538291931,12.204894959926605,0.4295716881752014
万多元,0.43275779485702515,8.646288812160492,0.5606468021869659
告别,0.5337502360343933,9.064323544502258,0.6928912997245789
进来,0.5422244668006897,15.053106606006622,0.47066450119018555
外交政策,0.32508987188339233,6.985779821872711,0.5133660137653351
征求,0.240406334400177,5.128378748893738,0.31789112091064453
绝大多数,0.4038034677505493,10.314498841762543,0.5660849213600159
井,0.4717565178871155,9.3968865275383,0.44873714447021484
夏,0.6989822089672089,19.75881016254425,0.6954620182514191
现行,0.5613895356655121,13.249095648527145,0.6715676784515381
优良作风,0.5410515367984772,10.365356236696243,0.3680192828178406
添,0.47661691904067993,16.87370055913925,0.6767050921916962
投票,0.5641281306743622,8.762576013803482,0.26463568210601807
装饰,0.6368422508239746,9.35886412858963,0.47887468338012695
战,0.574775218963623,12.611795365810394,0.6180783212184906
能为,0.6857933402061462,26.84894436597824,0.8109214752912521
以外,0.3538174033164978,11.243048310279846,0.4626484513282776
可能性,0.4448910355567932,11.03810703754425,0.6209668219089508
突击队,0.46004486083984375,11.327885448932648,0.5394115746021271
排水,0.40097784996032715,9.370018362998962,0.5718758404254913
林立,0.5295405983924866,10.517961502075195,0.41399168968200684
中断,0.6644931137561798,13.353555917739868,0.5442634522914886
步,0.7014012634754181,27.91138458251953,0.8216927796602249
一趟,0.4152337312698364,9.126082479953766,0.2948608994483948
一亩,0.22022372484207153,4.179251074790955,0.21762365102767944
钢,0.3340780735015869,8.019021928310394,0.43416106700897217
尽早,0.6784690916538239,18.444813400506973,0.6728624403476715
空前,0.14436203241348267,6.249550402164459,0.31744539737701416
布,0.44612663984298706,10.415959894657135,0.7573624402284622
新村,0.7728512138128281,18.610433652997017,0.564550518989563
好处,0.32497096061706543,7.675689697265625,0.5574315786361694
消毒,0.42456668615341187,8.530197501182556,0.21157139539718628
挖,0.15899783372879028,4.239417552947998,0.22383755445480347
牛,0.27846068143844604,6.54197883605957,0.18080025911331177
兴旺,0.8234321177005768,14.49985784292221,0.7018992900848389
流,0.4291497468948364,8.28609162569046,0.6877440810203552
系,0.5828514099121094,11.081590294837952,0.5561130344867706
朝阳,0.827928364276886,17.930898427963257,0.6907266974449158
占用,0.6841444671154022,10.84348064661026,0.8028727173805237
顺利完成,0.5972440540790558,18.415419727563858,0.6382900476455688
短时间,0.29324519634246826,5.275129318237305,0.377421498298645
对比,0.4127123951911926,10.78752201795578,0.6301133930683136
随意,0.5246655941009521,14.19040310382843,0.5730308890342712
办事处,0.3459651470184326,7.289747834205627,0.4582231044769287
回国,0.39428043365478516,6.301936507225037,0.2480456829071045
改编,0.47826671600341797,8.281182587146759,0.6780989468097687
联席会议,0.49708497524261475,12.298648178577423,0.5043258368968964
有点,0.2553320527076721,5.590062439441681,0.31714773178100586
题,0.619695246219635,16.844401866197586,0.8725536018610001
勇敢,0.19093060493469238,6.172284126281738,0.2736051082611084
文艺作品,0.6531746685504913,13.811228901147842,0.591560572385788
震撼,0.3587884306907654,10.07071715593338,0.7006838023662567
根源,0.32429027557373047,7.959474444389343,0.6057737767696381
红旗,0.3068764805793762,9.470950603485107,0.34697407484054565
弱,0.4724748730659485,12.832644820213318,0.7163785994052887
罗,0.6350965201854706,13.03117099404335,0.5253140330314636
所作,0.4681393504142761,9.851282179355621,0.6191413700580597
赶上,0.5159056484699249,12.831782847642899,0.5820275247097015
一股,0.21750110387802124,4.487309217453003,0.3304217457771301
切身利益,0.6096575260162354,11.675981253385544,0.6405482888221741
打出,0.719288557767868,14.93603053689003,0.6262458562850952
两项,0.7679250687360764,15.118677780032158,0.7278450429439545
田里,0.5013083815574646,8.626339554786682,0.28528136014938354
院子,0.21044296026229858,5.735272943973541,0.1906810998916626
意外,0.5250173509120941,12.384709924459457,0.5939446687698364
骄傲,0.32883399724960327,7.413173079490662,0.5341273248195648
言,0.5846064984798431,10.410398721694946,0.5234837234020233
在家,0.2522889971733093,7.1415895819664,0.2785172462463379
动,0.35175764560699463,11.313144147396088,0.4009891748428345
吹,0.37071895599365234,6.7412720918655396,0.2589966654777527
万公顷,0.25951719284057617,5.0835442543029785,0.28594815731048584
所说,0.2977410554885864,10.752632558345795,0.5278638899326324
制止,0.37339866161346436,6.672986149787903,0.5900465548038483
交给,0.20040780305862427,6.866506040096283,0.30556005239486694
延期,0.7322936654090881,23.086007386446,0.7164781391620636
挣,0.44328272342681885,8.534168481826782,0.3061661124229431
步行,0.5975140631198883,10.319591462612152,0.47030484676361084
房间,0.5105281472206116,7.532055377960205,0.3408491015434265
一圈,0.45416367053985596,12.463637590408325,0.2541015148162842
饮食,0.6464571058750153,13.00440514087677,0.5435120761394501
将会,0.4708274006843567,10.76758098602295,0.6439563632011414
同一,0.556745320558548,14.988917231559753,0.7466387152671814
一户,0.3351081609725952,9.156428813934326,0.5464051961898804
首相,0.32038551568984985,5.876010358333588,0.5203882455825806
会员,0.331906795501709,8.619775235652924,0.3960769772529602
边缘,0.6018951237201691,14.506125837564468,0.6535190641880035
架,0.1360563039779663,4.844734251499176,0.3155772089958191
每逢,0.3909664750099182,8.647401750087738,0.35526108741760254
尽量,0.31358611583709717,9.819395661354065,0.6791840493679047
摸索,0.3866925835609436,7.564079105854034,0.3345213532447815
层,0.8202105760574341,11.703790709376335,0.9167584776878357
秘鲁,0.3319509029388428,10.51669991016388,0.32179635763168335
代办,0.6031176149845123,16.447708129882812,0.8269641697406769
伊,0.3524031639099121,9.421116709709167,0.35492175817489624
这块,0.28589361906051636,7.70810604095459,0.3389546275138855
保安,0.5760025382041931,18.69811287522316,0.7320376038551331
一组,0.7717599719762802,16.702597603201866,0.6546200513839722
长春,0.5106930434703827,10.49193987250328,0.4267193675041199
须,0.7842405885457993,19.54646296799183,0.5408481955528259
上山,0.281818151473999,7.77620404958725,0.29064154624938965
承认,0.2434670329093933,6.106168866157532,0.30159205198287964
轮,0.6868467926979065,14.677988439798355,0.7572400569915771
立刻,0.21049964427947998,8.631225347518921,0.3420282006263733
开门,0.7359862327575684,16.950305849313736,0.32194429636001587
矿区,0.41706305742263794,11.31439608335495,0.4970555305480957
明确规定,0.6869287490844727,14.798500299453735,0.7114855051040649
传授,0.6964941918849945,8.614250123500824,0.8136912435293198
传达,0.3312740921974182,10.421412587165833,0.6267644762992859
迎,0.6591071486473083,15.671402841806412,0.8217234015464783
翻,0.766502782702446,7.810365691781044,0.7161324918270111
劝,0.1933884620666504,6.096242725849152,0.575433075428009
议长,0.2816457748413086,4.678796768188477,0.39978688955307007
掉,0.16371244192123413,5.342546820640564,0.21263957023620605
三次,0.29407012462615967,11.286496698856354,0.5102577805519104
经得起,0.5530962646007538,8.736520379781723,0.701889157295227
这件,0.07768815755844116,3.0907201766967773,0.1928015947341919
亲属,0.6388698518276215,13.793682664632797,0.7274592816829681
刻苦,0.4733654856681824,6.682911157608032,0.7274058163166046
栽培,0.6294831037521362,6.746304571628571,0.6098954081535339
踩,0.34233105182647705,6.252045571804047,0.41253286600112915
议员,0.18530607223510742,4.59182596206665,0.22742998600006104
促成,0.9870396051555872,24.642955670133233,0.6588523983955383
请求,0.4547434449195862,11.794202625751495,0.4659198522567749
滥用,0.7269992232322693,17.502275615930557,0.5651259422302246
中国人民解放军,0.6850597262382507,6.660076797008514,0.7316707968711853
急救,0.4222224950790405,14.144962310791016,0.5494430363178253
运,0.5986343026161194,12.989840567111969,0.34684091806411743
法案,0.4879019856452942,12.355877578258514,0.2981371283531189
高等,0.838373452425003,13.199034541845322,0.636922687292099
无锡,0.4812467694282532,10.254178166389465,0.3454923629760742
代替,0.3552641272544861,10.043221712112427,0.572015792131424
倒,0.19563686847686768,6.384399354457855,0.23920190334320068
期望,0.578388512134552,8.543876945972443,0.4322529435157776
暂时,0.298775315284729,10.755914628505707,0.42817097902297974
场合,0.5788764655590057,17.054705649614334,0.6549301445484161
容忍,0.35853636264801025,10.507159233093262,0.541192352771759
排列,0.49157577753067017,10.164026379585266,0.5780890882015228
理由,0.4267469644546509,8.73339056968689,0.31154298782348633
第五次,0.5516820549964905,16.140255749225616,0.5017887651920319
一所,0.22744131088256836,4.5931530594825745,0.3844566345214844
陕北,1.08926460146904,13.04795689880848,0.45052415132522583
苏,0.3317021131515503,11.366275489330292,0.5923442244529724
派遣,0.25654691457748413,7.460890233516693,0.643634557723999
泰,0.6965976655483246,18.60123386979103,0.6824014186859131
家具,0.3131157159805298,6.927575886249542,0.3457440137863159
政权,0.21501964330673218,5.945839762687683,0.5423572361469269
共产主义,0.36691081523895264,4.946405053138733,0.5995960831642151
强迫,0.45857685804367065,12.219031929969788,0.43403124809265137
寄托,0.44511526823043823,9.795736908912659,0.6624374389648438
正向,0.9066190272569656,30.278180211782455,1.0135472547262907
学到,0.4823265075683594,8.024828791618347,0.3620736002922058
十个,0.5585668683052063,18.74635422229767,0.5698021054267883
行列,0.20762115716934204,6.22055321931839,0.7449355721473694
衷心,0.1733892560005188,3.7521894574165344,0.3062519431114197
缅甸,0.5670556724071503,12.460476845502853,0.4484219551086426
马克,0.7731071263551712,17.690441265702248,0.4014740586280823
日报,0.4677162766456604,6.555124402046204,0.27901995182037354
遭到,0.15983599424362183,3.474405348300934,0.4077391028404236
夫人,0.23796498775482178,5.420971155166626,0.3288092017173767
百万,0.418667197227478,13.591647684574127,0.5334090888500214
回乡,0.8778400495648384,12.213522262871265,0.538205623626709
校外,0.5755393803119659,12.737596064805984,0.5824275016784668
本人,0.38851702213287354,11.397907733917236,0.3574317693710327
江,0.7226318120956421,17.835351675748825,0.5059855580329895
几千年,0.2904357314109802,9.311902582645416,0.6390885412693024
唐,0.7870050072669983,17.588153332471848,0.5958855748176575
做成,0.4162832498550415,9.152504622936249,0.36371588706970215
护士,0.3652503490447998,8.4785196185112,0.23622196912765503
积蓄,0.716291755437851,16.50712686777115,0.5335423946380615
强制,0.7267825603485107,18.59862318634987,0.4940195083618164
灯,0.3218109607696533,10.403403759002686,0.44747281074523926
通讯,0.3554164171218872,9.121125638484955,0.6895307898521423
夫妇,0.7258174121379852,13.017047494649887,0.3777245283126831
过后,0.5013988316059113,14.495941430330276,0.6801417171955109
实质,0.3997812867164612,10.005799412727356,0.5606347024440765
呼应,0.5539190769195557,13.819563299417496,0.603640228509903
两条,0.3221585154533386,9.63715010881424,0.334536075592041
很少,0.38722193241119385,8.774381697177887,0.35207217931747437
跟上,0.6026809513568878,14.666950166225433,0.704430490732193
名称,0.6897657513618469,16.466485023498535,0.7567344605922699
通往,0.5062680840492249,6.871701955795288,0.5463747680187225
布置,0.30463820695877075,10.140977501869202,0.6583428978919983
对立,0.32905691862106323,6.920583605766296,0.4294913411140442
不让,0.2802627682685852,10.532145380973816,0.4377678632736206
车队,0.672076404094696,15.048149019479752,0.676371157169342
勤劳,0.603905439376831,7.013887584209442,0.535361647605896
今年初,0.8246962130069733,28.781382352113724,0.8531543463468552
密切联系,0.33229875564575195,6.724254488945007,0.39259207248687744
秘书处,0.73356032371521,14.62687811255455,0.6138871014118195
梁,0.6967693865299225,20.198763072490692,0.5825400352478027
优越,0.32477325201034546,9.60240226984024,0.6175971329212189
促使,0.559813916683197,12.679102569818497,0.644374430179596
政治性,0.7730135172605515,22.618307545781136,0.8029226362705231
果树,0.4432147145271301,6.019753277301788,0.4752078652381897
耕作,0.34284454584121704,7.6902382373809814,0.447914719581604
毛,0.5531761944293976,15.924939095973969,0.66363126039505
模样,0.6888869404792786,21.809049755334854,1.0088988849893212
前方,0.4641413688659668,14.801438212394714,0.8229299783706665
第一条,0.6712436676025391,15.561211168766022,0.6655592620372772
从容,0.7165243625640869,19.858939439058304,0.9351288676261902
姑娘,0.4562378525733948,7.673223912715912,0.46357083320617676
妥善,0.5330214202404022,9.769975513219833,0.49837201833724976
一新,0.6543871164321899,20.40627458691597,1.0067204725928605
拉开,0.527819812297821,11.894945859909058,0.8444671928882599
自力更生,0.6585185825824738,9.409465968608856,0.6918831169605255
范,0.8134282231330872,25.67135101556778,0.7431305646896362
青,0.5470643639564514,14.914809465408325,0.5342135727405548
紧迫,0.3863503932952881,8.445238649845123,0.4691680669784546
预料,0.7081553041934967,22.250895977020264,0.864185243844986
边防,0.7802743315696716,11.239432960748672,0.48817503452301025
呼吸,0.4770281910896301,9.565438330173492,0.532297283411026
掀起,0.11232084035873413,4.560866355895996,0.3563845157623291
诗人,0.43214482069015503,7.422751247882843,0.5066784918308258
按时,0.29636526107788086,8.159883379936218,0.41724956035614014
自来水,0.5623098909854889,10.834395200014114,0.5504410862922668
反而,0.22928929328918457,7.045600712299347,0.3724767565727234
随之,0.6233697831630707,17.912881940603256,0.4993104934692383
民用,0.6925094127655029,18.268291234970093,0.5204326808452606
自行,0.4574577808380127,14.96697872877121,0.4989064931869507
加以,0.2315691113471985,4.817256569862366,0.44299715757369995
一幕,0.42971158027648926,12.461416959762573,0.5575543940067291
不得不,0.17720896005630493,6.895092785358429,0.5457317233085632
总产量,0.2879113554954529,3.294505476951599,0.3705132007598877
肥料,0.21976548433303833,5.408597230911255,0.2814415693283081
担负,0.25694775581359863,7.159955382347107,0.38845294713974
不合理,0.36502623558044434,7.047703325748444,0.41755223274230957
一致同意,0.5786983966827393,17.58705061674118,0.5720862448215485
养,0.48702651262283325,6.936459720134735,0.42966723442077637
鼓,0.7901610285043716,13.639873757958412,0.5260009169578552
种种,0.14479726552963257,4.814335525035858,0.35417038202285767
挫折,0.2871795892715454,6.685417830944061,0.31481415033340454
春,0.40095824003219604,10.215400338172913,0.7747085690498352
开车,0.695890873670578,12.958660751581192,0.46965938806533813
产地,0.4907689094543457,9.690105497837067,0.6716327667236328
住宅,0.42787837982177734,7.42689448595047,0.42868947982788086
十四,0.6553496718406677,16.776125848293304,0.5388942956924438
共和国,0.2384166121482849,6.993057906627655,0.45552968978881836
平民,0.6853360235691071,16.268228769302368,0.8501626402139664
架起,0.3274354338645935,9.900112092494965,0.8768315464258194
谈起,0.4474203586578369,13.603141248226166,0.4057426452636719
门前,0.30786705017089844,7.672519505023956,0.29560768604278564
一到,0.3807300925254822,13.210754454135895,0.3725384473800659
化为,0.7646645456552505,18.4468003064394,0.6548185050487518
散发,0.35567551851272583,9.957601189613342,0.6656308472156525
一口,0.20968115329742432,5.215723931789398,0.3318837285041809
手上,0.2649095058441162,8.79956966638565,0.23667484521865845
用途,0.5322233736515045,11.384350448846817,0.5936598777770996
口径,0.6867415606975555,12.923042953014374,0.6905063092708588
不同于,0.7484655976295471,22.92682221531868,0.7341576218605042
历次,0.6209855079650879,21.17480117082596,0.7284855246543884
从不,0.5326372683048248,11.909236937761307,0.6018333435058594
似乎,0.4182211756706238,8.51023668050766,0.5252003371715546
武,0.6363159716129303,26.237778812646866,0.745491087436676
晒,0.49263113737106323,9.70978730916977,0.3452792167663574
无不,0.6213850378990173,13.257488548755646,0.5789031386375427
钥匙,0.575355052947998,12.21802881360054,0.43072330951690674
当作,0.355297327041626,10.13028335571289,0.47168469429016113
草地,0.46425604820251465,8.85009253025055,0.6416198909282684
解除,0.3940356969833374,10.895648300647736,0.5912414193153381
两位,0.6297871172428131,10.747206002473831,0.5744967460632324
柏林,1.060264129191637,19.202689308673143,0.5201981961727142
写作,0.7618647813796997,11.981946229934692,0.35773491859436035
单独,0.5631954073905945,19.01116168498993,0.4913784861564636
泥土,0.3607677221298218,6.17872542142868,0.3282639980316162
奶奶,0.613102525472641,13.03978830575943,0.6278269290924072
牌,0.5765016376972198,10.07120355963707,0.4252486824989319
史上,0.45264726877212524,11.009667038917542,0.44381165504455566
苗,0.43062180280685425,7.304038763046265,0.4167981743812561
专人,0.2962854504585266,6.340808153152466,0.3205457329750061
样子,0.3036884665489197,8.571325123310089,0.3259698152542114
赶紧,0.4458296298980713,12.438708901405334,0.46793001890182495
纷纷表示,0.7903009206056595,19.94818966090679,0.8022258132696152
恶化,0.2344191074371338,4.318779110908508,0.33963876962661743
不仅如此,0.7222734689712524,28.8875949382782,0.9010149464011192
阵营,0.6166940629482269,20.594219744205475,0.7412858009338379
窜,0.877117395401001,24.637026727199554,0.9588529579341412
支流,0.6907358169555664,7.808314681053162,0.3340799808502197
自立,0.7906540036201477,20.514201685786247,0.9473500847816467
制成,0.43921762704849243,4.804326355457306,0.162586510181427
不利,0.332724392414093,8.425391793251038,0.5571035742759705
信赖,0.6702914237976074,15.519782721996307,0.6285675466060638
知,0.682159423828125,15.75790885090828,0.5030982792377472
浪潮,0.27234405279159546,7.996982216835022,0.5343712866306305
后果,0.30849599838256836,4.86539900302887,0.2220720648765564
放到,0.4501187205314636,12.140226781368256,0.5470780432224274
常驻,0.6250306665897369,12.795802623033524,0.6661441922187805
连队,0.2693231701850891,7.437095403671265,0.3878479599952698
客车,0.3934254050254822,8.488752007484436,0.29395824670791626
是不是,0.34059417247772217,12.497714281082153,0.4627399444580078
送来,0.3034476041793823,7.639098286628723,0.3508334755897522
友好关系,0.41408342123031616,3.768643319606781,0.4092923402786255
时而,0.3867571949958801,7.85086715221405,0.3347979187965393
年会,0.6303060054779053,13.650962233543396,0.599592536687851
进出,0.5348056554794312,16.77107384800911,0.6100836992263794
扭转,0.6445131897926331,10.205761164426804,0.8680915087461472
领土,0.1827036738395691,4.547398030757904,0.40643197298049927
堡垒,0.4052068591117859,10.53841781616211,0.6367795765399933
旁边,0.18244993686676025,6.147908449172974,0.23770678043365479
缩减,0.788370743393898,24.55305688083172,0.5684833526611328
国会,0.2995068430900574,7.27999484539032,0.3087955117225647
一身,0.21918541193008423,5.2034502029418945,0.27610087394714355
加重,0.3947112560272217,10.384783804416656,0.44608569145202637
傍晚,0.40154051780700684,8.825777471065521,0.4644286036491394
半小时,0.47172749042510986,11.434858083724976,0.6167688369750977
弥补,0.37457019090652466,10.118355989456177,0.4347514510154724
美军,0.31180524826049805,8.671603560447693,0.5213780701160431
灾难,0.21702265739440918,5.199532926082611,0.4520605802536011
法宝,0.7010806500911713,21.4997016787529,0.6995263993740082
穿着,0.08179128170013428,2.5630170702934265,0.11118358373641968
血肉,0.7139792740345001,11.065768897533417,0.5485664904117584
第一步,0.6423187255859375,10.93604889512062,0.8002401292324066
每人,0.13542455434799194,4.240531086921692,0.2730306386947632
卡车,0.1135566234588623,4.515635430812836,0.14776045083999634
领导核心,0.5660741329193115,16.21312788128853,0.8714436888694763
对策,0.7853220701217651,18.976276755332947,0.7116923630237579
朴素,0.5629033744335175,10.011925369501114,0.41786426305770874
途中,0.2334284782409668,6.360352039337158,0.28300392627716064
搞好,0.36871254444122314,7.082319796085358,0.650491863489151
洋溢着,0.3088083267211914,4.599184095859528,0.21963655948638916
出版社,0.5957620441913605,8.548328220844269,0.5309754908084869
远处,0.4016653299331665,7.085705578327179,0.5853275060653687
瑞士,0.4845544099807739,10.855394124984741,0.5773200690746307
发明,0.6230005025863647,10.929129242897034,0.2713656425476074
水上,0.705373227596283,15.285113871097565,0.453316330909729
步骤,0.19703000783920288,6.785398185253143,0.5436064600944519
骑,0.38778144121170044,6.014483332633972,0.2788814902305603
有个,0.2809377908706665,9.73912364244461,0.41840696334838867
行进,0.4827648997306824,11.999088704586029,0.4874266982078552
镇上,0.8174586296081543,24.08904677629471,0.8929780349135399
写道,0.22011983394622803,6.457439363002777,0.4753776788711548
决不,0.19572114944458008,6.01292222738266,0.2997733950614929
缺,0.392139732837677,10.658610582351685,0.5620709955692291
宿舍,0.37490206956863403,6.496784508228302,0.38382095098495483
共同奋斗,0.665002703666687,20.727156102657318,0.4756671190261841
器材,0.3131912350654602,8.544470250606537,0.5187626481056213
家家户户,0.5296094119548798,12.819562703371048,0.3746612071990967
直至,0.805792436003685,16.76878510415554,0.7392785847187042
冷,0.3823978900909424,8.663085699081421,0.32500654458999634
预见,0.6829389333724976,21.79593801498413,0.5616397559642792
携带,0.42558956146240234,8.63730925321579,0.40731215476989746
挑衅,0.4397403597831726,10.573306739330292,0.43817371129989624
追逐,0.6233780384063721,16.738687992095947,0.5411662459373474
有权,0.37610381841659546,10.30383187532425,0.46929383277893066
微笑,0.2666280269622803,7.414630830287933,0.2177707552909851
果实,0.3201422095298767,6.072658658027649,0.876383438706398
缺口,0.36559540033340454,11.374391078948975,0.8918198049068451
撤离,0.6298520267009735,14.407279580831528,0.5927455127239227
手持,0.4701805114746094,8.979289889335632,0.34113818407058716
双重,0.7293313443660736,22.419801265001297,0.6109423339366913
感人,0.4836052656173706,8.094423413276672,0.49556517601013184
后期,0.7927818447351456,15.917545050382614,0.8139703273773193
迄今,0.6781636476516724,18.763443619012833,0.694252610206604
平,0.6339461505413055,17.482799470424652,0.735103964805603
留,0.5178691744804382,16.811450719833374,0.5931211709976196
第六,0.4462665915489197,14.020650923252106,0.5517393052577972
梅,0.7502624094486237,17.179491251707077,0.847809687256813
络绎不绝,0.42485928535461426,10.62931501865387,0.4207559823989868
最有,0.45813822746276855,11.077947795391083,0.536674439907074
哥伦比亚,0.41663509607315063,11.918049275875092,0.5336792767047882
试图,0.7037853300571442,19.14867240190506,0.5197948217391968
来信,0.29832977056503296,7.135793447494507,0.39335864782333374
劳动模范,0.639958918094635,7.32934433221817,0.5506748259067535
带到,0.5090548694133759,16.360687345266342,0.6058220267295837
赚,0.4891200065612793,8.648015022277832,0.19997739791870117
开罗,0.5586324036121368,9.192276507616043,0.47848933935165405
箱,0.7882273495197296,11.641325503587723,0.4614872336387634
车厢,0.3522823452949524,8.525236010551453,0.4388078451156616
采取措施,0.5109279453754425,10.079453438520432,0.5802916288375854
十条,0.7258836925029755,28.683354318141937,0.8482575118541718
雷,0.7679976969957352,21.684778943657875,0.6124815940856934
旧金山,0.676575779914856,18.57937580347061,0.5714569389820099
轻轻,0.387853741645813,9.036140441894531,0.37509357929229736
追,0.4755231738090515,14.766783237457275,0.6459126770496368
运往,0.22668766975402832,7.478259444236755,0.29863882064819336
联络,0.4439370036125183,10.160406470298767,0.44912272691726685
集结,0.4147372245788574,13.919391214847565,0.5250991880893707
一枚,0.3766298294067383,8.560518324375153,0.42000436782836914
职,0.6710297763347626,13.550321489572525,0.3964124321937561
比利时,0.49942654371261597,10.194173455238342,0.39673465490341187
地为,0.500639945268631,5.401307851076126,0.6431277692317963
再也,0.17390847206115723,6.386728823184967,0.40854018926620483
宋,0.5129165053367615,14.96240609884262,0.5276917219161987
结论,0.23657357692718506,5.0393171310424805,0.3366050124168396
艘,0.1392560601234436,3.701932966709137,0.15782952308654785
淘汰,0.8233371078968048,16.789240464568138,0.934669092297554
太原,0.301604688167572,8.538283705711365,0.35999518632888794
移交,0.48151087760925293,14.110365867614746,0.6287127137184143
奔波,0.5869375467300415,15.50053945183754,0.515357255935669
本书,0.6061266362667084,8.97235581278801,0.6220445036888123
久,0.40183132886886597,10.59738165140152,0.5301790535449982
原先,0.8132323771715164,32.751479253172874,0.7611601948738098
福利,0.511615127325058,12.228802889585495,0.5625716745853424
极为,0.2785525918006897,7.371948719024658,0.6412326097488403
属,0.6815066337585449,13.923486202955246,0.539323478937149
儿女,0.4286234974861145,10.376098811626434,0.6450833082199097
誓言,0.5768643021583557,13.8361676633358,0.5124884247779846
频频,0.6581031978130341,8.066703766584396,0.7184089720249176
广大群众,0.3519255518913269,6.9702892899513245,0.45243847370147705
拆,0.37199610471725464,11.013718008995056,0.29308265447616577
成分,0.8254256397485733,13.89653493463993,0.7736754864454269
第一届,0.7919954657554626,13.387139111757278,0.5403703153133392
事实证明,0.5877860188484192,21.640918731689453,0.5515326261520386
就此,0.6492015719413757,18.650504916906357,0.8710094392299652
大楼,0.5656830966472626,8.60798904299736,0.32140612602233887
打电话,0.581628292798996,10.85897108912468,0.6528088450431824
敌人,0.21708089113235474,4.458833038806915,0.41047412157058716
丝毫,0.1660119891166687,5.743888556957245,0.3145608901977539
殷切,0.48308026790618896,13.362249314785004,0.5729117393493652
转为,0.801942840218544,23.067112311720848,0.7974152863025665
中日,0.5616320073604584,8.486304372549057,0.5710919797420502
区分,0.6652697920799255,15.978125244379044,0.9658941179513931
重量,0.6546050906181335,9.15859043598175,0.45831942558288574
事后,0.5471183061599731,14.616953164339066,0.7485291361808777
在思想上,0.3939378261566162,12.859081208705902,0.6148398816585541
第四次,0.7926350831985474,16.636730283498764,0.471932053565979
肩上,0.41435158252716064,6.060653328895569,0.46423447132110596
亲身,0.19269782304763794,6.24043744802475,0.21197718381881714
新旧,0.7274689078330994,22.74460619688034,0.9131581261754036
夜晚,0.21833014488220215,6.369851052761078,0.38340288400650024
花生,0.24753642082214355,6.304974675178528,0.2739330530166626
驻地,0.26210761070251465,8.646536588668823,0.2391034960746765
当中,0.6218895316123962,19.582809925079346,0.9199924245476723
大片,0.9150188490748405,8.21384983509779,0.4117698073387146
交谈,0.5713066756725311,5.886108547449112,0.4167649745941162
矿业,0.5246218144893646,13.075221091508865,0.4881986379623413
这支,0.2944307327270508,5.8018258810043335,0.34959477186203003
谴责,0.16300886869430542,3.575007975101471,0.44387227296829224
第八,0.6108807921409607,17.227220207452774,0.5407615005970001
打着,0.3050650358200073,7.051602900028229,0.6621060371398926
重大贡献,0.667317122220993,6.445213437080383,0.771037220954895
乐,0.7822362929582596,19.00625555217266,0.4982123374938965
一篇,0.18371903896331787,2.931684672832489,0.190743088722229
事实上,0.44321757555007935,17.580508828163147,0.4623028039932251
召集,0.32835930585861206,9.716684758663177,0.43147552013397217
陆,0.6463002264499664,12.657116264104843,0.6816432178020477
不知,0.25620824098587036,7.787127315998077,0.3928191661834717
不止,0.7196239233016968,17.45826557278633,0.5431693196296692
分队,0.771406352519989,15.876431941986084,0.5547907650470734
仅仅,0.42755937576293945,12.139007031917572,0.5493313670158386
巧妙,0.49426937103271484,10.951637923717499,0.7830753028392792
脚,0.15112274885177612,4.240078687667847,0.21155619621276855
沿途,0.2907862067222595,11.73260223865509,0.5285155475139618
伦敦,0.2545291781425476,7.215008199214935,0.6670850217342377
相似,0.752368375658989,17.256180092692375,0.9149438515305519
讲台,0.49160492420196533,9.854046702384949,0.5413573682308197
身子,0.19149017333984375,5.9229167103767395,0.37884992361068726
棵,0.24918007850646973,3.5662713646888733,0.29196685552597046
心坎,0.4932289123535156,12.518487930297852,0.7019026577472687
无疑,0.6769330501556396,17.120515078306198,0.5847751498222351
四方,0.7993770986795425,28.658097818493843,0.7428463697433472
记,0.7871494442224503,12.44653694331646,0.49617093801498413
公报,0.36910057067871094,6.666111946105957,0.2810770869255066
丧失,0.4073658585548401,9.795642793178558,0.6085739433765411
带有,0.44517403841018677,9.02465707063675,0.44541090726852417
路边,0.43107080459594727,10.751786053180695,0.44302690029144287
奖章,0.45961862802505493,7.28171306848526,0.2802208662033081
靠着,0.6275219321250916,25.073490619659424,0.5665909945964813
回头,0.3812448978424072,13.349217236042023,0.5882913768291473
深知,0.8228641897439957,30.331403657794,0.6832789778709412
萨,0.43890178203582764,7.298018932342529,0.4968647360801697
描述,0.6703316271305084,17.06024259328842,0.6180019080638885
斗志,0.4080818295478821,7.854642331600189,0.44740235805511475
陆军,0.22602784633636475,5.9851062297821045,0.23823678493499756
十一,0.4170982241630554,14.381450414657593,0.7171843647956848
设在,0.4744260907173157,7.283526837825775,0.3627764582633972
采纳,0.397737979888916,10.416416883468628,0.4518897533416748
层出不穷,0.5692157447338104,19.028745144605637,0.7198450267314911
夜,0.6701108515262604,15.961954802274704,0.8261008113622665
不见,0.3144744634628296,7.960992395877838,0.28587186336517334
尼,0.6978968381881714,9.737022697925568,0.5918814837932587
啃,0.397832989692688,8.984856009483337,0.6051604449748993
几位,0.8087982535362244,11.409676060080528,0.44700556993484497
农林,0.6184761226177216,21.590530276298523,0.4737722873687744
二号,0.8017255067825317,16.816188722848892,0.56866255402565
一国,0.7184483110904694,22.888898134231567,0.5172417163848877
不力,0.7932912260293961,19.270468220114708,0.7563646584749222
苦,0.2687652111053467,5.725805759429932,0.2338639497756958
搜索,0.6099653840065002,19.35951539874077,0.685573160648346
至此,0.8696425557136536,23.530092895030975,0.7254384458065033
洪流,0.6204530298709869,11.398611158132553,0.5034117102622986
消失,0.7463431358337402,12.196535378694534,0.46279698610305786
玩,0.6537244915962219,12.612652838230133,0.4485103487968445
并未,0.6655601561069489,16.02114361524582,0.4107891917228699
转达,0.5783035457134247,6.109890669584274,0.6644705235958099
抢救,0.1668756604194641,4.941776752471924,0.4174150228500366
历来,0.6842746734619141,14.27045151591301,0.6427739262580872
服役,0.6520034670829773,17.240556836128235,0.5927405655384064
踊跃,0.30546998977661133,8.838414251804352,0.27517813444137573
征收,0.6343118250370026,9.320965588092804,0.47038644552230835
引人注目,0.45392054319381714,13.340648651123047,0.4419766664505005
一阵,0.1189691424369812,3.2325538396835327,0.18717485666275024
暴露,0.25712889432907104,6.838556587696075,0.38215285539627075
绕,0.6405200362205505,11.977347642183304,0.4023561477661133
累,0.33241409063339233,6.0342713594436646,0.48116999864578247
全国性,0.3758752942085266,12.880397915840149,0.6029302179813385
发言权,0.6365267336368561,18.18059840798378,0.5009934306144714
十二,0.602230578660965,15.037326902151108,0.6221855878829956
乘车,0.4766807556152344,8.979067087173462,0.3925066590309143
初次,0.8858379349112511,30.81091647595167,0.8382290601730347
起初,0.7663571089506149,30.583663538098335,0.5894310474395752
圆满,0.4405147433280945,12.879008829593658,0.6268053352832794
区委书记,0.6836283802986145,16.71108016371727,0.5940945148468018
两家,0.5664676129817963,16.103763729333878,0.6623209416866302
代理,0.3860399127006531,11.467998743057251,0.5188584923744202
明亮,0.35482341051101685,7.816985547542572,0.3393612504005432
堵,0.37618136405944824,11.855998277664185,0.41287797689437866
便于,0.5845251381397247,13.287901192903519,0.6455313265323639
判决,0.6182595491409302,9.691750586032867,0.2787967324256897
流入,0.44265347719192505,10.532008707523346,0.5691369473934174
卷,0.5560528635978699,9.319391429424286,0.8589784204959869
主观,0.3174549341201782,6.167738378047943,0.578220009803772
顶住,0.7469107508659363,13.956888675689697,0.8669702559709549
泥,0.2666022777557373,7.535592317581177,0.28827160596847534
美化,0.8371736258268356,16.84215411543846,0.8299914598464966
辛勤,0.5837843418121338,8.241090953350067,0.5372673273086548
几次,0.2865449786186218,8.908292591571808,0.38913649320602417
营,0.48997771739959717,10.387579560279846,0.47586023807525635
入学,0.31716787815093994,5.923529088497162,0.4751918315887451
乐观,0.5301956534385681,9.55544638633728,0.37069517374038696
大使馆,0.21103745698928833,3.426672101020813,0.3660261034965515
正气,0.7426683604717255,14.433112263679504,0.5290653109550476
公认,0.7173303365707397,14.1919264793396,0.4954816699028015
高出,0.3679918646812439,8.085195541381836,0.4578109383583069
未经,0.7711769491434097,16.802780330181122,0.31667232513427734
推开,0.6285161375999451,15.342106312513351,0.46388089656829834
礼物,0.2538858652114868,6.375922739505768,0.3779149651527405
间接,0.37844139337539673,11.24245798587799,0.31272196769714355
盲目,0.49661368131637573,9.68974393606186,0.614882230758667
秋天,0.3365705609321594,8.835907757282257,0.5045819282531738
合并,0.4548896551132202,14.783450305461884,0.6253291964530945
各省,0.2483871579170227,5.254524648189545,0.5788955390453339
中队,0.2871667146682739,8.730790436267853,0.16974878311157227
三国,0.8413878977298737,12.653354614973068,0.5721417963504791
选出,0.40096020698547363,9.129065454006195,0.436592698097229
曲折,0.40131860971450806,6.7884021401405334,0.5857094526290894
同年,0.6027774512767792,8.051878064870834,0.6577254235744476
收缩,0.942007277160883,26.18038773909211,0.7635581344366074
当初,0.7969914078712463,29.47846607863903,0.6527436673641205
后面,0.21447062492370605,7.8647714257240295,0.3194337487220764
曹,0.6544716656208038,17.424551844596863,0.3866063952445984
装卸,0.6156415641307831,9.487368375062943,0.29894697666168213
次数,0.8205788433551788,14.167836993932724,0.6872493326663971
窑洞,0.4813312292098999,14.991227388381958,0.4284168481826782
漂亮,0.5235820710659027,10.531773328781128,0.5288599133491516
亲人,0.2996068596839905,6.2497400641441345,0.4143372178077698
五号,0.7981312572956085,24.49904389679432,0.7463617026805878
颁布,0.45634961128234863,6.266374111175537,0.3195306658744812
钻,0.3147351145744324,8.902793824672699,0.3574714660644531
抵制,0.469149649143219,10.802703201770782,0.5878442227840424
宝,0.6214677393436432,23.187099248170853,0.7932488024234772
赞同,0.3766704797744751,9.833286702632904,0.40759170055389404
日趋,0.5235957503318787,11.865428626537323,0.3970634341239929
不愿,0.30630624294281006,7.826249718666077,0.4135999083518982
更深,0.5704471468925476,17.283620923757553,0.8923760950565338
代表大会,0.22873371839523315,6.535072207450867,0.3306400775909424
纲领,0.5113278031349182,12.741682171821594,0.5849947035312653
联邦,0.4172917604446411,9.372065544128418,0.4174724221229553
般的,0.42281121015548706,4.461244344711304,0.37605923414230347
不顾,0.2409948706626892,6.248983025550842,0.31308895349502563
花费,0.4245724678039551,9.494554162025452,0.3214668035507202
东南,0.32585304975509644,7.392241060733795,0.44382238388061523
初中,0.30910706520080566,4.569510757923126,0.24328720569610596
紧密团结,0.6554883718490601,13.571198374032974,0.7032145261764526
标本,0.5480941832065582,12.421520948410034,0.762437716126442
抢修,0.3071615695953369,9.99893033504486,0.4065743088722229
以为,0.29649317264556885,9.870835959911346,0.5374009311199188
小小的,0.7586062252521515,15.260078579187393,0.8339031040668488
这方面,0.47157198190689087,9.265769243240356,0.6313839852809906
一门,0.29814964532852173,8.113331377506256,0.8892461881041527
发芽,0.25693368911743164,7.393790185451508,0.3048209547996521
出售,0.2811364531517029,6.143807768821716,0.36573314666748047
水中,0.6641893684864044,8.628275007009506,0.6565797924995422
胜,0.42286044359207153,9.223710298538208,0.6026630401611328
鸡蛋,0.38747215270996094,7.0414276123046875,0.20165902376174927
一粒,0.2699645161628723,9.64914083480835,0.41536879539489746
英,0.5773549377918243,10.624567478895187,0.7344322204589844
陪,0.6357925236225128,15.774359196424484,0.3760335445404053
债,0.4691169261932373,14.981740236282349,0.7842683792114258
肯,0.5697226524353027,19.728419482707977,0.6574552953243256
忽视,0.244770348072052,6.515076756477356,0.506348580121994
上去,0.24222081899642944,9.354799330234528,0.46027588844299316
正好,0.6633302271366119,23.985453218221664,0.8189370036125183
放下,0.2240058183670044,7.093888223171234,0.7375710010528564
主角,0.794909656047821,16.4658582508564,0.5637448132038116
一会儿,0.42387062311172485,8.33150565624237,0.20048737525939941
用品,0.5455208718776703,10.712801903486252,0.43570220470428467
政客,0.5786729156970978,17.986259937286377,0.5721627175807953
射击,0.35624539852142334,6.727147936820984,0.4203423261642456
哀悼,0.43340057134628296,7.53187882900238,0.44053465127944946
做事,0.6966094672679901,20.550681203603745,0.4791368246078491
开学,0.4963015913963318,9.295909643173218,0.2558121681213379
直,0.3261106014251709,10.855681240558624,0.45492488145828247
盐,0.3559122085571289,8.573022723197937,0.3045005202293396
四周,0.510278582572937,9.37537169456482,0.5174210667610168
在场,0.6149393916130066,14.958327919244766,0.6686939299106598
楼房,0.1959344744682312,4.482894003391266,0.1992785930633545
群众利益,0.6026826500892639,14.092227399349213,0.5009142458438873
寨,0.5897522568702698,13.542408227920532,0.2317490577697754
再度,0.748106062412262,19.89825490117073,0.8294865936040878
工商界,0.40187376737594604,12.011944890022278,0.4684053063392639
造,0.47958964109420776,16.658550083637238,0.529502660036087
出于,0.4403182864189148,10.72518128156662,0.596458375453949
握手,0.2862182855606079,4.448394238948822,0.35237395763397217
贵,0.8024651855230331,22.346607759594917,0.8347386717796326
热心,0.5305929183959961,12.18130898475647,0.5085831880569458
现任,0.6578697264194489,13.578775316476822,0.6249336898326874
天天,0.343031108379364,8.512062728404999,0.387107789516449
起伏,0.5337364971637726,8.079166620969772,0.3171393871307373
不远,0.4455510973930359,10.62278950214386,0.4650571942329407
远景,0.7300820052623749,23.128692060709,0.7840415686368942
上课,0.1987062692642212,6.777648508548737,0.2716120481491089
着重,0.46191728115081787,10.681577801704407,0.6087419986724854
实在,0.24222087860107422,6.835922837257385,0.2711137533187866
下旬,0.3511921763420105,4.869447648525238,0.3945903778076172
不必,0.6757059693336487,16.78716629743576,0.7144516706466675
警惕,0.3592054843902588,6.251230835914612,0.3025396466255188
停留,0.5832588076591492,11.197311639785767,0.628156453371048
出院,0.4210317134857178,9.787635266780853,0.510371595621109
渔船,0.25795847177505493,5.907549560070038,0.2622941732406616
放映,0.30438899993896484,5.416785955429077,0.24370956420898438
山坡,0.3337758183479309,4.532380282878876,0.35183048248291016
出力,0.5896903574466705,17.18457481265068,0.8222101181745529
劳,0.871926799416542,29.11983972787857,0.886627547442913
提倡,0.26553255319595337,7.8756383061409,0.560662180185318
外交关系,0.5296242237091064,7.308807015419006,0.4925197958946228
士兵,0.38374704122543335,6.880700647830963,0.2581481337547302
庄稼,0.15535664558410645,4.8882777094841,0.17948806285858154
浇水,0.3489891290664673,5.614289164543152,0.35523301362991333
扶,0.7189899682998657,11.476393043994904,0.28773021697998047
第三个,0.8586380779743195,21.97056046128273,0.7252991199493408
蒙,0.6642930507659912,20.764074087142944,0.6299398243427277
台上,0.40257054567337036,9.160582721233368,0.41512781381607056
主力,0.49606984853744507,11.413985908031464,0.8083448559045792
民主化,0.9164887145161629,17.795982539653778,0.7295625507831573
降到,0.9240804240107536,7.774564079940319,1.0414022915065289
中说,0.3305080533027649,5.669774055480957,0.4059447646141052
一看,0.18724268674850464,6.030693411827087,0.20804047584533691
厚,0.627345472574234,8.001388490200043,0.46913808584213257
开出,0.5732999444007874,13.26723164319992,0.6994261145591736
外面,0.29809504747390747,9.349695682525635,0.294941782951355
辽阔,0.49289053678512573,5.949834644794464,0.3439980745315552
角落,0.46650248765945435,12.502359449863434,0.36748164892196655
一下子,0.5367357730865479,12.916406273841858,0.44549089670181274
车轮,0.4979068636894226,12.186391413211823,0.4891594648361206
眼里,0.303209125995636,7.821757555007935,0.40796470642089844
说法,0.2465963363647461,8.20233416557312,0.5314541757106781
船上,0.33770424127578735,9.338794529438019,0.30124688148498535
播种面积,0.2704007029533386,5.291911482810974,0.46922242641448975
抗战,0.470058798789978,10.144788563251495,0.37520545721054077
官,0.5977570116519928,14.409936904907227,0.5810181498527527
一艘,0.09378445148468018,3.02308851480484,0.11305868625640869
苦难,0.261435866355896,5.636228024959564,0.2997872233390808
吃苦,0.4754566550254822,15.402197360992432,0.43968212604522705
建筑物,0.49165821075439453,6.143756210803986,0.760781392455101
盖,0.19233614206314087,5.3943153619766235,0.28291022777557373
种族,0.29716426134109497,10.361823916435242,0.42398273944854736
兵团,0.6394028663635254,13.150323182344437,0.6278484165668488
背,0.21211135387420654,6.6000993847846985,0.19115251302719116
些,0.23181664943695068,7.882298707962036,0.30228692293167114
载,0.5677924454212189,13.611264020204544,0.7651281207799911
正面,0.6105688214302063,14.062613785266876,0.8519628643989563
吾,0.8465112894773483,17.36922997236252,0.5835234820842743
被动,0.2128603458404541,7.275798141956329,0.38950997591018677
坚决贯彻,0.6891403198242188,9.876635134220123,0.7502689212560654
歧视,0.3020947575569153,7.936244189739227,0.28935831785202026
堤坝,0.5397570729255676,11.845016419887543,0.5263489782810211
响亮,0.2304045557975769,8.685964107513428,0.35034501552581787
一个多月,0.5145925581455231,13.224619954824448,0.4525209665298462
手指,0.3521721363067627,7.663685321807861,0.33177220821380615
一眼,0.3343278765678406,9.069058656692505,0.4793621897697449
纳,0.4210582971572876,9.670172095298767,0.35176873207092285
杰出,0.5098516643047333,7.195366591215134,0.5124177634716034
筑,0.3734334111213684,15.211640059947968,0.7216632068157196
王明,0.7903397530317307,17.53366567194462,0.621111661195755
连连,0.4349268674850464,11.682599008083344,0.7524531930685043
山顶,0.37047797441482544,7.664262890815735,0.420665442943573
深夜,0.2875044345855713,7.358291387557983,0.34774017333984375
军民,0.4342772364616394,9.779124557971954,0.46978920698165894
空,0.6770953834056854,21.97374999523163,0.5373499095439911
月亮,0.7704692482948303,12.863854438066483,0.42745739221572876
夫,0.42470782995224,9.054755330085754,0.3725786805152893
年纪,0.2250581979751587,6.322953760623932,0.18807101249694824
教训,0.290563702583313,4.372223734855652,0.46174120903015137
稿,0.5108304023742676,8.19699376821518,0.8388407230377197
晚会,0.36912357807159424,5.428077340126038,0.30018991231918335
工商,0.48373305797576904,10.912071108818054,0.49143123626708984
捧,0.5204897224903107,9.170213550329208,0.5827260613441467
歌,0.3069697618484497,6.261465609073639,0.24890351295471191
没收,0.4101099967956543,8.83346140384674,0.4469100832939148
生根,0.5766162574291229,10.202067703008652,0.7575553059577942
罗马,0.3663831353187561,11.470439732074738,0.6910654604434967
悬挂,0.22903412580490112,4.902499854564667,0.2086988091468811
如下,0.36578983068466187,7.731945633888245,0.30677586793899536
采取有效,0.2911434769630432,4.666308581829071,0.5736724436283112
亲近,0.606787383556366,20.36673617362976,0.8569018691778183
职权,0.6725879907608032,13.370321035385132,0.38425952196121216
纸,0.25546127557754517,7.138171136379242,0.3926847577095032
远远,0.41929852962493896,7.701402723789215,0.35779231786727905
暂停,1.0013157585635781,29.59374234173447,0.6632692813873291
秋季,0.6401413977146149,9.14269933104515,0.4712880849838257
头脑,0.2975403666496277,6.9739603996276855,0.3422873616218567
私营,0.5569195747375488,14.519213557243347,0.49402856826782227
缺陷,0.6387812793254852,15.75128623843193,0.9282089099287987
肉,0.1705203652381897,4.4927268624305725,0.17719119787216187
一书,0.6582185328006744,10.289888679981232,0.42728644609451294
秘密,0.4780998229980469,13.127526998519897,0.40677279233932495
多处,0.49761146306991577,14.135325253009796,0.5474728047847748
三项,0.7487055957317352,18.687177658081055,0.6333288848400116
头部,0.24651110172271729,8.06819862127304,0.7650918066501617
赞成,0.40349775552749634,7.133157253265381,0.31371593475341797
建国,0.8154391199350357,15.112531319260597,0.8299706280231476
三省,0.6516910791397095,15.988386273384094,0.3338003158569336
敬意,0.08753395080566406,2.3724071383476257,0.1451384425163269
结晶,0.44021379947662354,14.555939793586731,0.5230617523193359
高尚,0.4464823007583618,5.269777774810791,0.47409385442733765
心头,0.6370847225189209,7.360162705183029,0.43328356742858887
早就,0.2816614508628845,12.43542355298996,0.38692522048950195
羊,0.20871412754058838,5.0090020298957825,0.16369003057479858
零件,0.28272777795791626,7.516404092311859,0.2258484959602356
动手,0.2682395577430725,9.921998620033264,0.500726729631424
艾,0.7214890420436859,21.130683064460754,0.8478592932224274
清洗,0.5952459573745728,17.225440979003906,0.8217647671699524
隔,0.35119521617889404,12.537316024303436,0.35046374797821045
风气,0.6507282853126526,10.339949548244476,0.7355117797851562
丢,0.24295568466186523,8.44672954082489,0.2352251410484314
当成,0.45143091678619385,17.224550008773804,0.38463032245635986
西瓜,0.48728036880493164,12.675144135951996,0.3527870774269104
转入,0.6504369378089905,18.40220457315445,0.47005385160446167
工作作风,0.5475820899009705,7.791410863399506,0.6947258114814758
造船,0.4515334367752075,14.453673422336578,0.5816968083381653
模范作用,0.398867130279541,6.101961612701416,0.49572116136550903
拖拉机,0.4079919457435608,4.480053126811981,0.6357674300670624
懂得,0.2288188338279724,5.642020583152771,0.30914247035980225
最深,0.5859750509262085,11.667476296424866,0.5797452032566071
值,0.7301038205623627,24.133697122335434,0.810804471373558
吉,0.5104374587535858,16.44721308350563,0.5566083192825317
地向,0.42660343647003174,7.8514047265052795,0.46811443567276
小米,0.6406422555446625,15.760140746831894,0.8085048049688339
攻击,0.28847742080688477,7.094686985015869,0.5459762811660767
取,0.6082777380943298,19.40361550450325,0.6939396262168884
唤醒,0.8417415618896484,24.520901262760162,0.6927647590637207
战线,0.2988794445991516,7.894689440727234,0.5115644931793213
社,0.43035048246383667,12.65650361776352,0.5215248465538025
松,0.3963073492050171,15.21998393535614,0.42878222465515137
深入调查,0.3799130320549011,10.90894329547882,0.40716689825057983
棚,0.6281757652759552,18.391021847724915,0.5071660876274109
许,0.7742542326450348,21.339468955993652,0.8959764614701271
新华,0.7037244737148285,17.69279319047928,0.48010051250457764
战役,0.4853883981704712,8.129410862922668,0.3302379250526428
高低,0.23022234439849854,7.331759452819824,0.5768053829669952
福,0.6871825456619263,21.723469227552414,0.7430099546909332
荒山,0.5403899848461151,5.795599788427353,0.6573818922042847
究竟,0.33903366327285767,10.745013236999512,0.5419610738754272
极其,0.28739482164382935,7.193359196186066,0.333126962184906
遗憾,0.5145601332187653,12.07889249920845,0.6395907998085022
持有,0.9561023525893688,16.27948785945773,0.8762896582484245
瓦,0.5770729184150696,12.0800401866436,0.49703294038772583
喊,0.15241163969039917,5.270171940326691,0.12161654233932495
精简,0.5641936361789703,11.07390907406807,0.6749141812324524
多么,0.2506411075592041,4.689167141914368,0.25439977645874023
笔,0.6057444512844086,16.04364448785782,0.5075981616973877
想着,0.3649998903274536,9.64813756942749,0.2605530619621277
晚,0.28234153985977173,5.75592041015625,0.7270318567752838
再接再厉,0.43096888065338135,13.038362741470337,0.37652355432510376
第六次,0.7672058045864105,19.244199961423874,0.5532630383968353
现金,0.6074901223182678,8.97872793674469,0.5200798213481903
八一,0.5993333160877228,12.184137433767319,0.6242483258247375
税,0.4621996283531189,10.402554214000702,0.3373173475265503
收成,0.24200409650802612,6.639685928821564,0.350766658782959
谢,0.645474761724472,16.198785543441772,0.5936251282691956
河内,0.45066356658935547,11.19776850938797,0.5148270726203918
提议,0.5602897107601166,17.606461614370346,0.5463007986545563
贯彻执行,0.6523529589176178,7.938998758792877,0.8758709505200386
不出,0.4606183171272278,16.934042513370514,0.7365054786205292
火车站,0.4032566547393799,10.469854950904846,0.4754204750061035
兵,0.45179039239883423,12.757002115249634,0.5547306537628174
插,0.29318922758102417,7.993153691291809,0.3675493597984314
送上,0.7191940248012543,22.689958781003952,0.5413137674331665
将近,0.2613592743873596,9.559221506118774,0.39840084314346313
一首,0.30168914794921875,3.6993475556373596,0.18313390016555786
五四,0.724021852016449,13.399103969335556,0.5473242700099945
日记,0.41910314559936523,11.280570089817047,0.35906320810317993
看法,0.39833611249923706,4.84025251865387,0.5090184211730957
一点点,0.6279301047325134,24.619164645671844,0.6809433698654175
流传,0.2763255834579468,7.204370677471161,0.4653521180152893
军营,0.8295192420482635,20.133198022842407,1.0940229892730713
倾向,0.19562888145446777,5.771300315856934,0.5043334364891052
报纸,0.16857141256332397,3.5491803884506226,0.24834048748016357
葡萄牙,0.491105854511261,11.915307223796844,0.7004393339157104
细心,0.29245489835739136,12.188782453536987,0.3589649200439453
唯,0.9428063966333866,23.67407749965787,0.760241761803627
开来,0.5627637803554535,12.538145005702972,0.7964834868907928
黑色,0.6782406866550446,10.13351434469223,0.5660189390182495
准,1.0381243415176868,26.359774339944124,0.6332951486110687
标语,0.15576577186584473,4.885168373584747,0.1883208155632019
牌子,0.5618841052055359,13.009908616542816,0.6041367650032043
华盛顿,0.13201534748077393,5.351699471473694,0.7080105543136597
回去,0.17489749193191528,5.843936860561371,0.20287573337554932
任何人,0.3009660840034485,7.416013062000275,0.29669928550720215
彭,0.7604006826877594,20.075541853904724,0.46162092685699463
显得,0.16346418857574463,3.883634388446808,0.23833823204040527
举起,0.2115190029144287,6.619344711303711,0.29117918014526367
一倍,0.11747771501541138,3.9699252247810364,0.21564269065856934
政治家,0.6686871945858002,12.1915223300457,0.5678403973579407
行人,0.38014960289001465,7.883440792560577,0.2893019914627075
饭店,0.5446437299251556,11.82527568936348,0.5172297060489655
虎,0.9574209488928318,23.88899527862668,0.5143768191337585
后备,0.6207175254821777,16.090663015842438,0.6558691263198853
时机,0.2631877064704895,6.704177677631378,0.3887810707092285
服从,0.19506371021270752,6.976688921451569,0.43344491720199585
昼夜,0.32940495014190674,8.765931367874146,0.47728997468948364
向东,0.9203705042600632,21.470229372382164,0.4986317753791809
工业生产,0.4345204830169678,11.63777631521225,0.48007142543792725
顾虑,0.37425583600997925,11.461342453956604,0.26922619342803955
第九,0.5717623829841614,18.633997201919556,0.5740954279899597
原则上,0.6208508014678955,20.163712918758392,0.6550498902797699
睡,0.2957519292831421,4.258800685405731,0.12525922060012817
刺激,0.45838016271591187,11.915746688842773,0.49661320447921753
单纯,0.2792302370071411,6.944017052650452,0.45860832929611206
抗日战争,0.23398995399475098,5.115131855010986,0.3461868166923523
岭,0.8950301930308342,15.758258871734142,0.3722739815711975
诚意,0.6702401340007782,12.935780674219131,0.5014172792434692
处长,0.7085025310516357,11.985300213098526,0.38787370920181274
形容,0.6446514427661896,17.779398441314697,0.49012207984924316
姚,0.9846216579899192,26.92508867289871,0.6048455536365509
整整,0.2292652726173401,7.064538419246674,0.24572139978408813
这批,0.448093056678772,16.05615496635437,0.791188508272171
朴实,0.5486208498477936,8.998394519090652,0.473796010017395
商店,0.21638411283493042,5.626791298389435,0.2897939085960388
换来,0.27395910024642944,9.476219654083252,0.35422462224960327
一经,0.6727229058742523,21.291904598474503,0.8010925203561783
焦点,0.6166192591190338,13.722113192081451,0.449789822101593
事前,0.7359790802001953,25.220130503177643,0.917035311460495
航行,0.3636965751647949,7.125136077404022,0.2162519097328186
姜,0.781488835811615,25.899239763617516,0.3449828624725342
发表声明,0.10770571231842041,4.1324228048324585,0.3667352795600891
恶意,0.43564915657043457,13.455898582935333,0.49784982204437256
安理会,0.48327332735061646,10.653922379016876,0.28889399766921997
汤,0.45960533618927,11.941872477531433,0.3427931070327759
口中,0.7965475916862488,30.301237791776657,0.6641794741153717
远离,0.6842581629753113,13.851850032806396,0.6984166502952576
民兵,0.33204853534698486,8.041086256504059,0.4345283508300781
功,0.777803435921669,21.41688595712185,0.8108312636613846
农时,0.37586015462875366,12.349898993968964,0.45539212226867676
两省,0.41269832849502563,12.2073814868927,0.2830858826637268
阻止,0.25431370735168457,10.430927872657776,0.4346886873245239
同等,0.5401257574558258,15.52326637506485,0.4712512493133545
幅,0.5240648090839386,6.8232066333293915,0.3174467086791992
怀抱,0.5618818402290344,10.207961350679398,0.5169952213764191
屹立,0.5014068186283112,10.110287576913834,0.7166388034820557
主编,0.6587040424346924,11.33685877919197,0.4490582346916199
汪,0.999331682745833,30.153408892278094,0.8301038891077042
耽误,0.2662482261657715,8.205830514431,0.2893807888031006
后台,0.8527955114841461,26.80895233154297,0.8253659754991531
引用,0.5342457592487335,12.017766803503036,0.47411155700683594
酝酿,0.5006885826587677,14.424042910337448,0.5840222537517548
形,0.6638615429401398,12.124446213245392,0.6517472267150879
转动,0.2694509029388428,10.175252854824066,0.3362898826599121
必定,0.6407149434089661,26.3612422645092,0.7434785664081573
设想,0.5540288090705872,16.92621836066246,0.8044688999652863
架设,0.4548308849334717,8.74242776632309,0.24182409048080444
传,0.6823799014091492,14.11236372590065,0.8448538482189178
演唱,0.4268725514411926,5.229380965232849,0.45917701721191406
之势,0.552738219499588,10.389050513505936,0.490024209022522
弯,0.5760794281959534,11.97539609670639,0.7588682025671005
掠夺,0.2154892086982727,7.504581034183502,0.4910629987716675
遥远,0.5474564731121063,9.993847995996475,0.5966193079948425
有事,0.3471178412437439,13.181438267230988,0.29179078340530396
范例,0.5846226811408997,18.088098257780075,0.5865042209625244
日内瓦,0.6656812727451324,10.815137445926666,0.40413451194763184
招呼,0.3543224334716797,10.773677587509155,0.3038868308067322
恩,0.5996853709220886,12.170194745063782,0.958761140704155
露出,0.1826496720314026,4.951000988483429,0.20996224880218506
救护,0.4965881109237671,14.486936450004578,0.47696608304977417
田地,0.396404504776001,12.688216805458069,0.38356173038482666
伸出,0.3058185577392578,5.680074095726013,0.3469526171684265
板凳,0.44592398405075073,16.293557703495026,0.581506758928299
不当,0.5700894892215729,19.002333730459213,0.726110965013504
干什么,0.6167332231998444,12.95132029056549,0.5559373795986176
制订,0.3577471971511841,6.518785536289215,0.5387206077575684
驾驶员,0.4646238088607788,10.321470499038696,0.3769689202308655
早晨,0.3001229166984558,5.830932319164276,0.2589324116706848
分社,0.49933922290802,13.47322964668274,0.48988449573516846
重返,0.5751183032989502,20.034999072551727,0.6727026700973511
坡,0.45963597297668457,11.748323917388916,0.4010502099990845
落到,0.45125430822372437,16.192126035690308,0.4837532639503479
上岸,0.544874370098114,16.63705414533615,0.4517277479171753
繁殖,0.4287446141242981,6.3465296626091,0.6669833362102509
一季,0.43795233964920044,9.062865614891052,0.2502773404121399
干活,0.28367555141448975,6.7777902483940125,0.32912975549697876
现,0.8769398033618927,26.06719061732292,0.8841458261013031
答复,0.48156142234802246,9.790804028511047,0.39237654209136963
全家,0.20521152019500732,7.046594440937042,0.2944861650466919
严防,0.7537008076906204,22.124816820025444,0.6508380770683289
很长,0.6425355672836304,11.519801497459412,0.6983424425125122
轮流,0.31081682443618774,11.081654727458954,0.2508617043495178
下级,0.4557463526725769,13.223095417022705,0.717269241809845
政,0.48842811584472656,11.33241605758667,0.5186163485050201
外交部长,0.5746147632598877,4.421183943748474,0.7079500555992126
净,0.7118348777294159,20.158530712127686,0.8242618292570114
木材,0.1972140073776245,6.3742064237594604,0.2702546715736389
资本主义,0.20338314771652222,5.315680742263794,0.33407801389694214
十几年,0.6266825795173645,15.743563115596771,0.6095864474773407
爱护,0.42883723974227905,6.21530544757843,0.41209280490875244
减弱,0.5579161942005157,16.56003564596176,0.5958304703235626
距,0.26646876335144043,6.693038702011108,0.24829334020614624
碗,0.25120246410369873,7.355689108371735,0.2301039695739746
高涨,0.13203275203704834,4.394189894199371,0.3184128999710083
主人,0.27082592248916626,9.035354793071747,0.44069385528564453
十五,0.45568525791168213,11.027984023094177,0.46104246377944946
服,0.6342936456203461,20.38771879673004,0.3720763921737671
严寒,0.3382776379585266,4.8906495571136475,0.3675383925437927
眼,0.36960291862487793,8.63874727487564,0.3897721767425537
当晚,0.9190498068928719,20.32718888670206,0.7271634638309479
麻烦,0.4036266803741455,9.001554369926453,0.47183114290237427
爸爸,0.3707239627838135,8.057630121707916,0.5378385186195374
一小,0.7782603204250336,24.168575137853622,0.6397818624973297
一类,0.9096973091363907,17.195589318871498,0.7945759892463684
好人,0.6678645014762878,16.072249740362167,0.6777577102184296
本来,0.43637728691101074,15.325813949108124,0.4985707402229309
章,0.842429056763649,25.166448011994362,0.8352876156568527
扬,0.4513890743255615,15.897894442081451,0.8429490625858307
分化,0.5044792890548706,16.414666175842285,0.5437378287315369
剧本,0.4281746745109558,8.339444935321808,0.24974310398101807
水田,0.2956303358078003,6.828564941883087,0.248562753200531
巨型,0.5286683738231659,13.246150463819504,0.5239449143409729
曾多次,0.6924134492874146,21.98348644375801,0.632049173116684
周到,0.4277893304824829,9.561636209487915,0.5039113163948059
七一,0.7162782549858093,27.43269371986389,0.5812844932079315
陆上,0.5213309228420258,19.23654195666313,0.5665353834629059
妨碍,0.3499627113342285,12.460702002048492,0.7095158100128174
医学院,0.22799265384674072,6.164668917655945,0.3264783024787903
渤海,0.5943242311477661,11.55167406797409,0.49808037281036377
那种,0.2811456322669983,6.157573342323303,0.3928007483482361
二字,0.9344698041677475,28.031782805919647,1.0025064276997
往年,0.1988983154296875,7.426412522792816,0.37188583612442017
约旦,0.38903242349624634,10.552037596702576,0.48219573497772217
烟台,0.5369849503040314,15.200240522623062,0.4991859793663025
艰险,0.5333943963050842,13.381144285202026,0.4791221022605896
密切合作,0.8178995698690414,20.253262221813202,0.4698522686958313
驻华,0.2466268539428711,5.096881687641144,0.6617879569530487
缓慢,0.6817210614681244,12.517108738422394,0.6907562911510468
流水,0.7320428788661957,11.897333562374115,0.7806742340326309
车上,0.32730692625045776,7.7504966259002686,0.31462836265563965
潘,0.9369681179523468,22.271031513810158,0.739323079586029
大街小巷,0.45495283603668213,14.143720030784607,0.37499505281448364
怀着,0.360883891582489,4.550787508487701,0.33251965045928955
财物,0.5575441718101501,11.250677227973938,0.43961912393569946
性格,0.526391327381134,6.720943748950958,0.3758520483970642
常用,0.6757320463657379,16.623768895864487,0.5781894326210022
一再,0.23794621229171753,9.024689078330994,0.4323076605796814
等于,0.4284111261367798,11.292270064353943,0.8818434998393059
有时候,0.639297217130661,25.939559638500214,0.6295190751552582
勘察,0.4648362994194031,12.745762467384338,0.41712486743927
场面,0.36482447385787964,5.763275384902954,0.31081628799438477
看一看,0.5577965974807739,19.080540776252747,0.6048332750797272
堆,0.4399626851081848,11.69227135181427,0.5084384977817535
大都,0.595579981803894,19.52943903207779,0.6888027191162109
贾,0.7142317593097687,15.739831238985062,0.5261741578578949
病房,0.38769233226776123,8.593008816242218,0.2587049603462219
图谋,0.5929989516735077,16.03227737545967,0.49907028675079346
底,0.7961509078741074,14.446060076355934,0.6773209869861603
汗,0.4448467493057251,8.825634360313416,0.3144873380661011
言论,0.38092654943466187,10.386978268623352,0.5456210076808929
假,0.5046735405921936,11.221545159816742,0.4991483688354492
开会,0.1898062825202942,6.50998455286026,0.3875271677970886
各有,0.7179007530212402,15.727997839450836,0.6877926588058472
灰,0.5203058421611786,12.600267738103867,0.47636622190475464
国立,0.673405796289444,14.900657922029495,0.473457932472229
偶然,0.26658737659454346,7.93151992559433,0.3927215337753296
出动,0.15417742729187012,4.840878486633301,0.3483978509902954
董,0.7135931849479675,24.619796454906464,0.6621547043323517
不利于,0.8393717408180237,15.02265551686287,0.8435260504484177
心脏,0.474460244178772,9.100983083248138,0.6721103191375732
小学生,0.5145862400531769,11.44159284234047,0.3874772787094116
保定,0.6876354515552521,15.199484169483185,0.5312215089797974
湿,0.27625608444213867,11.91087943315506,0.5101399719715118
大字,0.25009286403656006,4.854857683181763,0.3138464689254761
飞行员,0.44775456190109253,11.16560274362564,0.3803642988204956
圆,0.6113829910755157,14.693776190280914,0.9035000056028366
三号,0.7784466594457626,20.59600605070591,0.9491081610321999
邓,1.0686452016234398,25.135215282440186,0.6850709617137909
秘书,0.22916054725646973,7.883618891239166,0.33737659454345703
带上,0.5503714084625244,14.362613379955292,0.307273268699646
大大提高,0.24750494956970215,6.878584384918213,0.6668212711811066
中山,0.859735906124115,20.852784991264343,0.8554941713809967
一分,0.20489448308944702,7.5254711508750916,0.3590083122253418
走遍,0.6290652751922607,15.745844691991806,0.7543677538633347
凡是,0.5248393714427948,16.036497980356216,0.5629882216453552
存款,0.46815991401672363,8.280225336551666,0.34317272901535034
坑,0.5130849182605743,13.972826451063156,0.5601970255374908
靠近,0.39201819896698,11.667603850364685,0.5430241525173187
日夜,0.2538108825683594,9.280819058418274,0.6793888211250305
洛阳,0.3419448733329773,12.655404090881348,0.5036904811859131
磨,0.3935239911079407,14.188545882701874,0.49624550342559814
两旁,0.16522657871246338,3.735918402671814,0.15999209880828857
起飞,0.4098550081253052,8.254726111888885,0.5175418257713318
做饭,0.20306086540222168,5.550819635391235,0.1765056848526001
能手,0.596064954996109,11.565627306699753,0.48999762535095215
赶来,0.243924081325531,6.7124152183532715,0.27698856592178345
寒冷,0.2804022431373596,6.347704231739044,0.20091497898101807
对外贸易,0.345406174659729,8.061800181865692,0.6822278797626495
鲁,0.4898700714111328,14.51999831199646,0.8263475000858307
血液,0.5417652726173401,9.114354252815247,0.565308690071106
老板,0.5458186864852905,13.983211815357208,0.43896305561065674
施,0.6726189851760864,17.28005141019821,0.8635360598564148
负,0.31120532751083374,7.2342053055763245,0.5715561807155609
躺,0.091849684715271,3.5902170538902283,0.16561853885650635
背着,0.23117411136627197,6.405278384685516,0.23903095722198486
侧面,0.5164787769317627,15.457525938749313,0.7180604040622711
二者,0.7634210288524628,13.594393730163574,0.5794435739517212
太平,0.6987667977809906,25.308838546276093,0.5291557610034943
升起,0.3689292073249817,5.633449554443359,0.3112717270851135
遍,0.6286874711513519,16.11992236971855,0.7977828532457352
等候,0.4671080708503723,10.547113955020905,0.3207828402519226
两座,0.2628673315048218,9.5209019780159,0.34978580474853516
含有,0.5262423157691956,6.813026070594788,0.46973955631256104
莫,0.7237682938575745,14.743067860603333,0.5422691404819489
修路,0.8044057637453079,14.106001690030098,0.7485283613204956
争先,0.720561146736145,24.636648416519165,0.8266647309064865
学说,0.7221287488937378,11.265168637037277,0.4505998492240906
破产,0.29870468378067017,8.323868155479431,0.5894383490085602
一心,0.6583689749240875,14.015058606863022,0.8649394065141678
来临,0.48576539754867554,12.70790946483612,0.5614300966262817
剩余,0.4447060823440552,15.077982902526855,0.5187357068061829
产区,0.5273357033729553,7.485906302928925,0.4465610980987549
归来,0.623489648103714,16.240204393863678,0.5367481410503387
各区,0.44387537240982056,13.907671451568604,0.6050116419792175
自有,0.7802824229001999,25.883976995944977,0.9337172582745552
一共,0.4366646409034729,17.426539480686188,0.5110872387886047
平常,0.43929582834243774,15.806677639484406,0.6125382781028748
鸡,0.2657518982887268,5.5635679960250854,0.14923053979873657
仇恨,0.3709717392921448,10.910009384155273,0.7271179258823395
罪,0.44345033168792725,8.35869014263153,0.3706445097923279
一列,0.24668920040130615,7.435754179954529,0.31727784872055054
根据地,0.2531111240386963,5.180632710456848,0.3653078079223633
一口气,0.3428133726119995,11.301140427589417,0.42403626441955566
帽子,0.29948657751083374,6.557280957698822,0.22056853771209717
隔阂,0.4697045683860779,12.409162640571594,0.45654457807540894
畜牧,0.5867472589015961,8.114306896924973,0.7266340553760529
大街,0.3063870668411255,5.963492512702942,0.20024967193603516
二人,0.49938178062438965,16.409734904766083,0.6515325605869293
航空公司,0.6682716012001038,14.013729065656662,0.36279600858688354
奋勇,0.5436257123947144,13.091612577438354,0.6323414146900177
大力开展,0.4303821325302124,16.531311333179474,0.7350992858409882
那年,0.41394418478012085,11.156752824783325,0.40220749378204346
命令,0.3711972236633301,7.648395538330078,0.29834336042404175
剩下,0.18601638078689575,6.785363018512726,0.3223813772201538
注定,0.3357645273208618,11.448201715946198,0.37007802724838257
一架,0.0879371166229248,3.4889915585517883,0.15104436874389648
下车,0.5488068759441376,9.96635964512825,0.41477900743484497
元旦,0.5594257712364197,11.40999835729599,0.713983952999115
和解,0.7198443412780762,18.2262242436409,0.631848007440567
一早,0.3566668629646301,11.606590628623962,0.5237844288349152
点滴,0.7609778791666031,23.16796363890171,0.774870827794075
字样,0.5858446061611176,12.115105241537094,0.5564420223236084
不禁,0.27756035327911377,6.576904654502869,0.2094815969467163
腰包,0.5811543762683868,16.17134726047516,0.825382187962532
容纳,0.6516065001487732,14.059869647026062,0.6713915169239044
地势,0.46250325441360474,6.9518192410469055,0.4665457010269165
挑,0.17787295579910278,7.197633624076843,0.19565415382385254
送给,0.21297156810760498,6.076415002346039,0.3127360939979553
大大小小,0.698602557182312,19.774533182382584,0.429953932762146
答应,0.37428826093673706,12.240791380405426,0.4045293927192688
等到,0.4131582975387573,11.317753195762634,0.6881688237190247
火花,0.6883132755756378,15.451369822025299,0.495418906211853
总有,0.7236846387386322,26.48496487736702,0.6271255612373352
全文,0.22973966598510742,5.439101874828339,0.21032553911209106
如果说,0.7126730978488922,28.036148697137833,0.8928878456354141
特长,0.6538890898227692,13.202197432518005,0.6645295023918152
年头,0.664779007434845,14.848150700330734,0.6117082834243774
苦练,0.5327111184597015,11.386711150407791,0.7319371104240417
私人,0.38953137397766113,11.21016800403595,0.43207383155822754
知识分子,0.2389964461326599,8.203446447849274,0.4324824810028076
言行,0.734887033700943,22.982012033462524,0.7996363192796707
严惩,0.581784576177597,12.091957181692123,0.49363410472869873
回村,0.7586478441953659,25.398134037852287,0.5242599546909332
犹豫,0.5279660224914551,18.910938560962677,0.5805445909500122
窗户,0.31675004959106445,8.430372178554535,0.2741199731826782
一对,0.6892155408859253,11.485137522220612,0.5366224050521851
露天,0.5697168707847595,11.973563730716705,0.5239814817905426
角,0.8428522199392319,26.029136449098587,0.8733083158731461
赶往,0.6108892858028412,19.222707450389862,0.6357258558273315
将军,0.3236284852027893,8.94494515657425,0.5058991312980652
桂林,0.6908103823661804,16.70981737971306,0.7066168189048767
产物,0.5552519857883453,16.313952773809433,0.8464269936084747
尽力,0.5918580889701843,20.901203125715256,0.4949708580970764
高粱,0.3767390251159668,8.174794971942902,0.23837977647781372
公,0.8298794329166412,18.82513603568077,0.6472978293895721
出国,0.9091773629188538,16.57959082722664,0.6738514006137848
小伙子,0.3556329607963562,8.23138153553009,0.3895800709724426
发电机,0.28341925144195557,7.1902294754981995,0.39506739377975464
压,0.5831167101860046,13.695693850517273,0.5065285861492157
挽救,0.3555917739868164,9.409997284412384,0.5757659077644348
娃娃,0.4828602075576782,13.724615633487701,0.37120765447616577
雄厚,0.40643399953842163,9.629334270954132,0.4242493510246277
直奔,0.5638015568256378,20.238366156816483,0.6120186448097229
灯塔,0.7658564150333405,23.478092789649963,0.47582507133483887
工作效率,0.21693283319473267,5.471764087677002,0.13844197988510132
有害,0.5077611207962036,9.69574773311615,0.8666843175888062
秋收,0.2428666353225708,8.484738945960999,0.3139207363128662
第一天,0.5733311474323273,20.259349405765533,0.571831226348877
损坏,0.3515627980232239,8.636280059814453,0.3935391902923584
当场,0.3447439670562744,9.109465599060059,0.517919659614563
跑步,0.6507235765457153,18.44005161523819,0.5220051109790802
另有,0.8009014129638672,20.914759516716003,0.8358710557222366
十几个,0.3558984398841858,14.815869092941284,0.4984225034713745
表,0.9278633743524551,20.977227672934532,0.7622866630554199
创造者,0.5031252801418304,16.889709681272507,0.852563887834549
千千万万,0.5391640961170197,16.36333379149437,0.4786982536315918
外汇,0.3756118416786194,8.86249029636383,0.2947500944137573
凡,0.6410145461559296,15.42346477508545,0.6192004978656769
河边,0.5366696119308472,13.90397721529007,0.7849193960428238
沉着,0.20784306526184082,7.679833829402924,0.5587118864059448
山下,0.6058513224124908,13.595777332782745,0.6585738956928253
孔,0.5321755707263947,24.430908739566803,0.8606958836317062
时分,0.6611431539058685,14.437870740890503,0.41354405879974365
麦田,0.5008363723754883,9.83925312757492,0.22988033294677734
台下,0.4332786798477173,11.426014006137848,0.40656501054763794
总结经验,0.2662543058395386,9.007674217224121,0.562570333480835
纵横,0.5023717880249023,9.726592183113098,0.2025875449180603
腿,0.1409730315208435,4.025395035743713,0.1117016077041626
不良,0.5632326602935791,13.531253457069397,0.5058363974094391
安静,0.7430254220962524,18.198745995759964,0.6027076244354248
多件,0.5496488213539124,10.228944659233093,0.6487120389938354
间隙,0.4557149410247803,19.46404892206192,0.6280205547809601
团结一致,0.32464319467544556,10.74265706539154,0.42331987619400024
现已,0.7450397312641144,17.949284344911575,0.3382919430732727
肆意,0.638744980096817,13.168200552463531,0.46786874532699585
自觉性,0.4013561010360718,7.449640989303589,0.636543869972229
写信,0.30101680755615234,10.623475670814514,0.35006070137023926
摸,0.2390674352645874,10.143282234668732,0.46016937494277954
自学,0.4383363723754883,10.94009816646576,0.4230569005012512
明确指出,0.6848745942115784,24.085152328014374,0.8093419969081879
爆炸,0.27203303575515747,6.650375425815582,0.6364482939243317
塞,0.4693370461463928,14.500249922275543,0.7469262182712555
掏出,0.20664262771606445,7.163901448249817,0.2936389446258545
祝,0.37897223234176636,7.819845378398895,0.3899099826812744
乌拉圭,0.4844586253166199,13.804215550422668,0.41353344917297363
格,0.47577303647994995,12.648354351520538,0.518625020980835
神,0.7446273863315582,22.77452939748764,0.5579772293567657
深山,0.433920681476593,10.824431777000427,0.5573332905769348
看出,0.3563166856765747,13.020404040813446,0.6445709764957428
挑起,0.5154421925544739,11.89748752117157,0.5772581696510315
特种,0.6242910921573639,18.468821436166763,0.6930559277534485
熟,0.701927900314331,18.412338435649872,0.46803998947143555
成品,0.3602062463760376,8.741916000843048,0.3617650270462036
冷静,0.5058763921260834,11.237831443548203,0.5625484585762024
今,0.8149961680173874,18.68741910159588,1.0006201100768521
大伙,0.3569375276565552,10.073002517223358,0.41952377557754517
伟大胜利,0.37206071615219116,9.954472124576569,0.5114255249500275
东北部,0.6422679126262665,10.38852772116661,0.6505126357078552
挺身而出,0.6846597194671631,16.97614014148712,0.8878806531429291
一个多,0.5979840457439423,8.818082958459854,0.48968446254730225
新兵,0.7116598784923553,23.837671041488647,0.6443386971950531
高大,0.3066962957382202,5.893811762332916,0.24632203578948975
屋里,0.14590173959732056,5.970541000366211,0.3327711820602417
集合,0.7009594738483429,26.434601604938507,0.5326749086380005
了不起,0.44293856620788574,12.91958600282669,0.6148459613323212
借口,0.33075404167175293,8.725017011165619,0.359531044960022
脱离,0.2894452214241028,8.943807184696198,0.4819508194923401
脸,0.15340715646743774,5.315794765949249,0.22390639781951904
带回,0.7007037401199341,20.259447515010834,0.6243488490581512
奇,0.7300471067428589,15.321121633052826,0.9910549186170101
抗日,0.22416043281555176,5.575834572315216,0.23343193531036377
弄,0.41895365715026855,9.108760237693787,0.5369585752487183
起床,0.23047709465026855,6.465762913227081,0.2677991986274719
觉醒,0.46715056896209717,15.067623436450958,0.7694609016180038
十六,0.5403648912906647,15.69404211640358,0.5839306116104126
这笔,0.31593871116638184,5.943560838699341,0.3390622138977051
军事训练,0.6164674758911133,12.88020545244217,0.636195182800293
专,0.8478508740663528,24.47745682299137,0.9193218573927879
写出,0.3331412672996521,9.25061684846878,0.31785374879837036
滑,0.5395081043243408,12.15511280298233,0.937388226389885
亲手,0.5978803038597107,12.843084126710892,0.573507159948349
善意,0.799014687538147,21.90460553765297,0.5007941424846649
限期,0.7357201278209686,14.834177374839783,0.5010361075401306
正为,0.8734702616930008,42.39325673878193,0.8509637266397476
用以,0.5399591326713562,24.007320284843445,0.7546666711568832
估计,0.5515119135379791,8.53844752907753,0.3816795349121094
孟,1.0572280697524548,32.39972998201847,0.6704330146312714
第二年,0.7140308916568756,18.46299436688423,0.777252659201622
千,0.8001805543899536,24.901424676179886,0.8073922842741013
感激,0.16942989826202393,4.9998714327812195,0.2170441746711731
爱好,0.49601447582244873,10.3324676156044,0.8345313668251038
谣言,0.23983365297317505,9.201952576637268,0.28270262479782104
曙光,0.8416082710027695,22.346745654940605,0.94478964433074
英勇,0.13069134950637817,3.6434358954429626,0.20522719621658325
大树,0.7511084526777267,10.564057275652885,0.3158408999443054
搬运,0.38311153650283813,14.29884135723114,0.2461169958114624
纯洁,0.6233378350734711,13.416059225797653,0.5925858616828918
钟,0.6168670058250427,17.066968858242035,0.7120221257209778
扮演,0.42325347661972046,6.767346084117889,0.5926429033279419
代,0.8288390785455704,27.140264824032784,0.49073469638824463
散,0.49191784858703613,15.305696606636047,0.7701054662466049
总人口,0.23625236749649048,6.656784892082214,0.3456776738166809
向下,0.7012442648410797,17.1623552441597,0.5817253589630127
尔,0.6300841271877289,7.884398341178894,0.5028446614742279
唐山,0.612159937620163,16.838744401931763,0.6720024943351746
机动,0.5517283082008362,12.927221894264221,0.41850775480270386
与会者,0.5107276141643524,9.223043709993362,0.6287506520748138
旗,0.6976211071014404,18.54930731654167,0.3936682939529419
天上,0.40938693284988403,9.959867000579834,0.34134358167648315
一碗,0.15897345542907715,5.217516899108887,0.12063509225845337
率领,0.49947547912597656,5.934058129787445,0.6650566160678864
擅自,0.6207334995269775,15.839867979288101,0.6114152371883392
预定,0.42726123332977295,11.739797174930573,0.5692432522773743
从前,0.6631286144256592,25.288189589977264,0.494914710521698
消极,0.3872714042663574,9.105264902114868,0.6292961835861206
四种,0.665339857339859,21.13466650247574,0.8614404797554016
团结起来,0.3086758255958557,9.636257231235504,0.3366355299949646
滚滚,0.509296715259552,5.912040114402771,0.4229022264480591
记住,0.35931676626205444,10.070163607597351,0.4542366862297058
四处,0.5403867959976196,16.57546764612198,0.8114342391490936
偏,0.8107512891292572,22.093738853931427,0.7068633437156677
这才,0.46102768182754517,18.700576066970825,0.48661065101623535
严厉,0.13911432027816772,5.164726972579956,0.25014883279800415
学好,0.64434614777565,12.51313641667366,0.7040378749370575
顾,0.7059121131896973,21.90448847413063,0.8105430155992508
分割,0.560973733663559,13.987188905477524,0.600004255771637
船只,0.1441810131072998,5.556590676307678,0.20293205976486206
额,0.6799908876419067,14.619330555200577,0.6611526012420654
交,0.5656163692474365,11.492461502552032,0.552163153886795
结,0.7407043278217316,18.067015379667282,0.7230417132377625
劝阻,0.6559503078460693,20.30490717291832,0.5052727460861206
泡,0.31374847888946533,9.730421364307404,0.47478997707366943
基,0.415306031703949,9.796772301197052,0.5673994719982147
浇,0.5159205794334412,6.802151560783386,0.5051398277282715
争夺,0.4360635280609131,7.0366233587265015,0.617628276348114
好多,0.4675339460372925,18.3411003947258,0.44681471586227417
转身,0.45351678133010864,12.579348266124725,0.43453913927078247
前线,0.32046937942504883,8.13318383693695,0.4244803190231323
进去,0.3547937273979187,11.682935655117035,0.3521089553833008
几分钟,0.47055983543395996,15.335554420948029,0.4849153757095337
货,0.36372512578964233,13.074910938739777,0.5220834016799927
袁,0.5857852101325989,18.88863354921341,0.8430020809173584
他家,0.3499845862388611,10.789277076721191,0.2811097502708435
迟迟,0.8645051866769791,14.328363299369812,0.46474236249923706
纪念日,0.24034875631332397,6.770128548145294,0.32919788360595703
操心,0.5984668731689453,19.827801376581192,0.7436165511608124
密切配合,0.5114787518978119,12.73180440068245,0.6916544437408447
还给,0.4799671769142151,17.71953636407852,0.33056700229644775
收拾,0.43038666248321533,9.667782545089722,0.3491860628128052
升,0.8261884301900864,20.010503605008125,0.8912608474493027
场上,0.7171064019203186,10.709284365177155,0.8110668957233429
商定,0.7089313864707947,17.089553326368332,0.550708681344986
封锁,0.5446069240570068,10.372336685657501,0.5789537131786346
缔结,0.371445894241333,9.67394334077835,0.3809114694595337
平日,0.8588789850473404,28.64306417107582,0.9763395190238953
头顶,0.3468210697174072,9.327822029590607,0.3470849394798279
搜集,0.4369398355484009,10.021624207496643,0.32305485010147095
肥,0.2832590341567993,8.319763660430908,0.3801875114440918
秋,0.43380308151245117,13.015415966510773,0.534919798374176
热烈欢迎,0.18882548809051514,3.7291718125343323,0.36825013160705566
抽象,0.5010211765766144,10.166605204343796,0.6726439595222473
推选,0.5089407563209534,15.260968923568726,0.3242717981338501
卢,0.6050805151462555,24.043067544698715,0.5612289309501648
词,0.6888425946235657,13.971964091062546,0.6299362480640411
上前,0.45380985736846924,12.648430287837982,0.41225385665893555
深入群众,0.3128886818885803,8.063508212566376,0.5491275787353516
响,0.2034342885017395,6.056466639041901,0.28250473737716675
百,0.8229222148656845,22.94701087474823,0.3987632989883423
全是,0.5911463797092438,17.559225261211395,0.5417459011077881
印刷,0.4904100298881531,10.38647836446762,0.34754401445388794
外国人,0.6639679372310638,19.056955844163895,0.6592545807361603
下面,0.42180579900741577,9.653945207595825,0.5162171423435211
马路,0.3724260926246643,8.206813633441925,0.4354225993156433
好看,0.5421366095542908,15.437118113040924,0.5827903151512146
不容,0.4883415102958679,11.935799419879913,0.3812485337257385
吕,0.7138644456863403,23.005349546670914,0.5627507567405701
不应,0.7481028437614441,19.785784363746643,0.34094327688217163
肉类,0.22491103410720825,6.743785798549652,0.26492422819137573
丹麦,0.3102269768714905,10.059106051921844,0.3226509690284729
药材,0.4904162287712097,8.242867469787598,0.3630863428115845
昨天,0.6864497065544128,17.293841272592545,0.5530957877635956
疲劳,0.2897319793701172,9.281247735023499,0.5066807866096497
束缚,0.32841408252716064,5.72180849313736,0.30458366870880127
两国政府,0.32119226455688477,6.461052656173706,0.5337558090686798
难民,0.6002020537853241,13.895868003368378,0.428078293800354
效力,0.7241703271865845,24.725107669830322,0.7463352680206299
辩论,0.336320161819458,8.54660302400589,0.5592607855796814
子弟兵,0.7446925044059753,13.72375363111496,0.5231776535511017
不通,0.4242400527000427,11.78512418270111,0.7352956235408783
当局,0.3322342038154602,7.072250306606293,0.3623501658439636
请来,0.6465644836425781,17.66873586177826,0.6449314951896667
科学知识,0.5777764618396759,11.883298069238663,0.6520471274852753
组组长,0.8106757700443268,28.79086998105049,0.623309850692749
埋,0.3070572018623352,8.46942400932312,0.4004618525505066
路过,0.5468069314956665,14.049664735794067,0.43291598558425903
希,0.5770369470119476,13.47260782122612,0.43276721239089966
崔,0.6132621169090271,19.56646168231964,0.3759338855743408
摘,0.4324641227722168,11.511679708957672,0.18456947803497314
查明,0.6806158423423767,16.406160414218903,0.5285343825817108
索,0.5812142789363861,17.84382450580597,0.36547595262527466
面粉,0.34127867221832275,8.89871996641159,0.32225680351257324
一双,0.2616734504699707,5.125226736068726,0.14531517028808594
近来,0.7343575954437256,19.558784514665604,0.5408009886741638
烧,0.6232129037380219,6.645641058683395,0.19530832767486572
名叫,0.37655532360076904,8.845638275146484,0.4867098927497864
看起来,0.49135059118270874,14.446168899536133,0.4753735661506653
差不多,0.5568144023418427,16.292546778917313,0.665716290473938
海岸,0.4395022392272949,10.002841889858246,0.3464571237564087
总和,0.6651742160320282,15.26355066895485,0.7341515719890594
小孩,0.20586055517196655,5.576836109161377,0.21657449007034302
一日,0.4383441209793091,8.155095636844635,0.6625492870807648
床,0.3771728277206421,11.095062255859375,0.42233699560165405
擦,0.14757966995239258,5.120542109012604,0.2404465675354004
为啥,0.5281954705715179,20.273636609315872,0.3774598240852356
并肩,0.44453662633895874,17.618852019309998,0.5659226775169373
熟练,0.35691744089126587,10.371252655982971,0.2652568221092224
在校,0.5465153753757477,12.08507826924324,0.5655131042003632
英文,0.508365124464035,9.000676721334457,0.4827446937561035
凭着,0.6675638258457184,15.343306243419647,0.8517939001321793
损伤,0.4076370596885681,11.732921063899994,0.6627064347267151
寺,0.7371522784233093,15.637602418661118,0.3705056309700012
谈心,0.6831709742546082,12.379950940608978,0.6598396301269531
身穿,0.2163514494895935,4.918509483337402,0.13210374116897583
松懈,0.3179258704185486,9.020308315753937,0.448983371257782
芝麻,0.7183616161346436,12.470378518104553,0.38988131284713745
袭击,0.3017893433570862,4.891095697879791,0.5029838681221008
电线,0.4196184277534485,9.93320107460022,0.39369916915893555
算了,0.2847033143043518,5.460495591163635,0.29694902896881104
扁担,0.6233344078063965,16.50358060002327,0.6227141320705414
遇到困难,0.5770830810070038,20.914692491292953,0.8457632064819336
戴上,0.34132736921310425,11.607463419437408,0.30148178339004517
遇上,0.6270844638347626,19.426162213087082,0.9370225071907043
登陆,0.6674374341964722,13.676584988832474,0.4951831102371216
也许,0.6197574138641357,12.673942923545837,0.49953705072402954
碰到,0.4485896825790405,10.60846322774887,0.514106959104538
装着,0.655989408493042,14.246828824281693,0.5305883884429932
谨慎,0.30560624599456787,9.642106533050537,0.36295729875564575
保卫,0.2797606587409973,7.775222182273865,0.45127785205841064
东南部,0.5322798192501068,11.578810602426529,0.5571497678756714
美洲,0.6132737100124359,14.710316061973572,0.7247360944747925
眼看,0.3422355055809021,13.18737119436264,0.44253385066986084
传到,0.2559124231338501,10.645073413848877,0.4806286692619324
利息,0.2676265835762024,6.0946319699287415,0.2736750841140747
例证,0.6186788380146027,24.207534164190292,0.6869866847991943
救济,0.4902379512786865,10.734658300876617,0.44542986154556274
集镇,0.6532734036445618,17.83072665333748,0.5817290246486664
胁迫,0.8223763704299927,25.334247693419456,0.9775721896439791
管理员,0.6774645745754242,25.869239002466202,0.7563885152339935
拯救,0.47384917736053467,16.52238041162491,0.5989416837692261
克服困难,0.471150279045105,10.870994091033936,0.6013265252113342
遍地,0.41158121824264526,9.952140927314758,0.3949437737464905
战术,0.3975587487220764,7.466045379638672,0.2603079080581665
兼任,0.4448304772377014,11.856478869915009,0.5012794435024261
友人,0.5955321490764618,15.76875650882721,0.453396737575531
姐妹,0.7542190700769424,19.580760166049004,0.5000101327896118
单方面,0.6972464025020599,19.26184791326523,0.465043306350708
出自,0.7323672473430634,22.26636928319931,0.6794429123401642
小心,0.31736594438552856,11.8327676653862,0.4572974443435669
航海,0.8007617592811584,23.082466423511505,0.6104968786239624
绝不能,0.502913624048233,13.758705884218216,0.5467647612094879
礼,0.6502218246459961,22.98082810640335,0.6153817176818848
奔走,0.6126865148544312,20.0523279607296,0.5261150300502777
抽调,0.22415763139724731,5.951551198959351,0.3299875259399414
半天,0.2332422137260437,10.104588270187378,0.27976107597351074
两周,0.5421304106712341,14.737105250358582,0.48899340629577637
一株,0.45087218284606934,9.425876021385193,0.3167203664779663
难免,0.7530409544706345,14.52368812263012,0.5783967971801758
洗,0.3213469386100769,6.345027029514313,0.34303081035614014
只用,0.46185463666915894,9.397098064422607,0.5724153518676758
下决心,0.5324623286724091,18.280575692653656,0.6777907013893127
节节,0.8243968635797501,21.313525810837746,0.8563881516456604
对面,0.4098436236381531,10.802060604095459,0.33345139026641846
缔造,0.6755904257297516,18.371650964021683,0.8727927953004837
病人,0.15855765342712402,3.7976490259170532,0.1851291060447693
奥地利,0.4931696057319641,12.206927418708801,0.38467979431152344
右手,0.2334868311882019,5.723772883415222,0.21315068006515503
安定,0.6813507080078125,13.230900526046753,0.42129820585250854
冯,0.7045125365257263,14.351224958896637,0.6622137129306793
高昂,0.46250706911087036,11.896428287029266,0.2954438328742981
后代,0.7858640849590302,15.667173743247986,0.624014288187027
爱人,0.6603841781616211,12.559976756572723,0.4792371988296509
口粮,0.7488755583763123,11.225455105304718,0.6227737367153168
夏收,0.40057384967803955,13.53300666809082,0.433529794216156
桌子,0.42027634382247925,6.197229444980621,0.22416770458221436
动工,0.36876189708709717,7.109229922294617,0.3760353922843933
持,0.7680990546941757,15.796086207032204,0.6658134758472443
通讯社,0.2803337574005127,4.8225321769714355,0.43299204111099243
重重,0.30404746532440186,10.031776189804077,0.4926910996437073
煮,0.26768773794174194,5.581474483013153,0.1313362717628479
遇见,0.6506633460521698,29.22945275902748,0.751003086566925
赠送,0.4754684567451477,7.3028923869133,0.4883738160133362
生活必需品,0.4941897392272949,16.620919942855835,0.3475738763809204
万年,0.6649695634841919,20.404839485883713,0.6430211961269379
每隔,0.5233918726444244,14.689890891313553,0.5644867420196533
意图,0.4901697635650635,16.06637954711914,0.45789778232574463
雨季,0.4588226079940796,11.254865050315857,0.31306517124176025
老人家,0.5361880660057068,15.390479654073715,0.512844979763031
拖,0.3609784245491028,9.05528050661087,0.33104628324508667
亲密,0.16502273082733154,6.2138853669166565,0.49005478620529175
歌唱,0.3035750389099121,7.370755195617676,0.33202511072158813
前身,0.640326976776123,20.217596530914307,0.4218143820762634
麦子,0.2800689935684204,8.968115091323853,0.24193590879440308
诺,0.4347341060638428,12.5878364443779,0.4662485718727112
神圣,0.33793020248413086,6.913595497608185,0.4304482340812683
找出,0.32489901781082153,10.23165363073349,0.40533918142318726
积极行动,0.4559480547904968,12.371751248836517,0.5254199206829071
一事,0.49669963121414185,13.71817660331726,0.8132272213697433
批发,0.6540230214595795,11.437728583812714,0.38940852880477905
沈,0.9126802980899811,23.707218527793884,0.6585789024829865
采矿,0.5382482409477234,14.546099603176117,0.6830658912658691
演,0.46376824378967285,7.388467192649841,0.5018996894359589
定为,1.0160966105759144,26.67880265787244,0.8980993553996086
曲,0.8933198973536491,18.498027078807354,0.5937581062316895
那次,0.694706916809082,26.711673945188522,0.7563809156417847
买卖,0.32750052213668823,9.431071996688843,0.380435585975647
招牌,0.36529695987701416,11.829814016819,0.6014698445796967
从来不,0.6556455194950104,22.67216056585312,0.6898674964904785
着急,0.5226775705814362,12.393216043710709,0.47106558084487915
乘着,0.6422111093997955,22.447920203208923,0.8379249423742294
大战,0.6288053095340729,15.292390614748001,0.7342678904533386
荒地,0.289489209651947,5.999910950660706,0.3334459662437439
结婚,0.5754425823688507,9.79887244105339,0.28693634271621704
黎巴嫩,0.4964646100997925,9.901943743228912,0.3928605318069458
这门,0.6791138350963593,15.105763345956802,0.749035507440567
主席台,0.301169216632843,4.6500043869018555,0.34688103199005127
蒋,0.6614819467067719,13.113840997219086,0.7758801877498627
走路,0.24617600440979004,8.610193133354187,0.28842103481292725
连年,0.3526896834373474,10.084293246269226,0.6987322270870209
文化教育,0.5419076681137085,16.458765864372253,0.614368736743927
治病,0.3895440101623535,9.031279385089874,0.38197582960128784
波,0.4861248731613159,15.718512058258057,0.5406239926815033
生病,0.4459269046783447,10.00703889131546,0.35287582874298096
界限,0.3600376844406128,9.594866037368774,0.6348048746585846
后者,0.7783478200435638,25.248469591140747,0.6539772748947144
看清,0.5687818229198456,19.80615571141243,0.7656882405281067
薄,0.571196585893631,14.475612193346024,0.9747035168111324
教科书,0.6300874352455139,17.808189243078232,0.5268850326538086
理事,0.36858826875686646,9.57910704612732,0.45627015829086304
街上,0.47214847803115845,9.754719257354736,0.3080093264579773
免除,0.6879830658435822,18.1701779961586,0.6643478870391846
在世界上,0.7275420129299164,16.62843418121338,0.8161462843418121
尽情,0.5497306287288666,10.841642707586288,0.5690223872661591
牛肉,0.34612250328063965,11.737903237342834,0.29185181856155396
得来,0.4811544418334961,21.632019817829132,0.6894785165786743
握,0.29898250102996826,8.985846221446991,0.2027704119682312
竟然,0.7645257413387299,15.47349864244461,0.8340477794408798
两倍,0.21030014753341675,7.982220888137817,0.29370224475860596
每户,0.47534066438674927,7.179817199707031,0.2863752245903015
毅然,0.7847207188606262,16.225095450878143,0.3624415397644043
被子,0.26958781480789185,7.07855087518692,0.2094903588294983
狭窄,0.7250427603721619,12.213959753513336,0.5874424874782562
这天,0.35280436277389526,9.16460120677948,0.4465281367301941
装满,0.5848708152770996,11.76966679096222,0.45862358808517456
死亡率,0.4682026505470276,7.162723422050476,0.25758785009384155
堵塞,0.4298122525215149,10.656640827655792,0.6068170666694641
代理人,0.6321047842502594,15.641125410795212,0.5738179683685303
瑞典,0.278616726398468,9.356459438800812,0.42334169149398804
渠,0.4867442846298218,11.74826031923294,0.6112365126609802
册,0.5319763422012329,8.309732973575592,0.30658847093582153
家家,0.4084203243255615,9.602170705795288,0.2909505367279053
中学生,0.5025921761989594,15.919124394655228,0.6003947854042053
无产阶级,0.382781445980072,4.401107728481293,0.5319496393203735
长得,0.2530145049095154,6.2260565757751465,0.2902179956436157
大概,0.6922803223133087,20.850430697202682,0.7074612081050873
脑袋,0.34775084257125854,10.862522184848785,0.43158257007598877
两边,0.7159048616886139,11.810953795909882,0.47291332483291626
扰乱,0.8275611698627472,13.788227379322052,0.4952114224433899
揭开,0.7540662884712219,12.075137078762054,0.5672451555728912
唱歌,0.8565019369125366,11.55754154920578,0.2970580458641052
之内,0.23420476913452148,8.11356383562088,0.4253120422363281
一排,0.4633353352546692,9.859231173992157,0.5905251502990723
坐下,0.42964643239974976,11.321098983287811,0.26637643575668335
拉丁美洲,0.276252806186676,8.964880585670471,0.398521363735199
意思,0.5376108288764954,13.58076810836792,0.4344329237937927
故意,0.3831843137741089,9.765264928340912,0.39913707971572876
侵占,0.3685331344604492,10.349920153617859,0.9515846148133278
诺夫,0.7313224971294403,12.41676938533783,0.38264501094818115
严重威胁,0.5575782656669617,10.94685584306717,0.35455554723739624
力气,0.496674120426178,7.370162904262543,0.5381289124488831
东海,0.40525394678115845,13.047547578811646,0.4827089309692383
毅力,0.4536905288696289,6.626802980899811,0.5772905051708221
皮,0.4280402660369873,10.633232712745667,0.34078091382980347
救,0.48451006412506104,11.806271076202393,0.5103027820587158
王国,0.7518050074577332,19.074386179447174,0.6584548056125641
哥哥,0.29331398010253906,9.618628561496735,0.26230180263519287
不难,0.578120082616806,14.304721385240555,0.7544026970863342
修好,0.2709534168243408,10.030827164649963,0.46768325567245483
秦,0.8559933304786682,24.88612648844719,0.7213869690895081
继续前进,0.5712411999702454,21.34341260790825,0.8856218233704567
坚固,0.5150895416736603,12.808586984872818,0.3542467951774597
大雨,0.33455365896224976,6.762292146682739,0.30303531885147095
墙壁,0.3111536502838135,5.657500147819519,0.12142056226730347
看不见,0.45379793643951416,13.149363279342651,0.47996920347213745
渔,0.7485023736953735,14.435122162103653,0.41513174772262573
抵,0.8874234184622765,18.069817505776882,0.8173937350511551
上空,0.15382319688796997,5.009176015853882,0.39522165060043335
之声,0.6072754263877869,14.063825726509094,0.5905868113040924
看不到,0.38995784521102905,13.626615107059479,0.3362603783607483
市中心,0.5245808362960815,7.844974040985107,0.5597093403339386
医务,0.37973320484161377,6.676170706748962,0.5462566614151001
火焰,0.21040260791778564,7.653535962104797,0.5295608341693878
左,0.4465755820274353,8.13412469625473,0.5089869201183319
分担,0.6024399101734161,20.140759617090225,0.8575879484415054
创举,0.844482809305191,19.675146147608757,0.6999160349369049
简陋,0.7684882879257202,10.392611384391785,0.8932736292481422
宣读,0.3873293995857239,9.422819912433624,0.3991825580596924
朝鲜,0.3451899290084839,7.8395087122917175,0.5637972950935364
宣告,0.5406443178653717,15.200298815965652,0.6458626389503479
统一行动,0.8341054767370224,22.779183849692345,0.5880625247955322
指挥员,0.2780342102050781,9.253449618816376,0.3710695505142212
日用,0.297370970249176,8.23192811012268,0.7299002110958099
组织者,0.5146999955177307,18.00121372938156,0.6280119717121124
侵略,0.17873799800872803,4.080053329467773,0.249181866645813
报酬,0.3699633479118347,10.8124760389328,0.48486995697021484
严格遵守,0.657465398311615,13.436287999153137,0.6627673804759979
分成,0.3152884840965271,9.870459079742432,0.35241031646728516
遍及,0.4206309914588928,10.338322043418884,0.5191065967082977
挺进,0.5568835437297821,16.13655287027359,0.5543352961540222
心思,0.5723455548286438,17.370813995599747,0.6865882277488708
人手,0.6653294563293457,21.08311688899994,0.7747229039669037
有名,0.48404568433761597,12.01632571220398,0.6642649471759796
机关干部,0.5289904475212097,11.483741104602814,0.6981543004512787
钦佩,0.44730669260025024,7.555023729801178,0.3219738006591797
扩充,0.4735102653503418,17.879824340343475,0.6851355731487274
三人,0.5261831283569336,17.896050095558167,0.7898502498865128
飘扬,0.1703726053237915,3.667996406555176,0.13125109672546387
剥夺,0.17672038078308105,5.442411243915558,0.24575871229171753
退缩,0.5737645626068115,21.212975323200226,0.6038417220115662
偿还,0.33077216148376465,7.465172648429871,0.2674970030784607
糖,0.2948009967803955,7.826545178890228,0.30380958318710327
数百万,0.7250118851661682,27.60446497797966,0.5794053673744202
便宜,0.42224597930908203,9.394091486930847,0.24202615022659302
入伍,0.32819098234176636,9.003922045230865,0.3707565665245056
工业品,0.37071239948272705,8.540010690689087,0.4946225881576538
美国国会,0.49622875452041626,14.707140862941742,0.4475351572036743
埃,0.4741423726081848,11.649992525577545,0.505028486251831
负有,0.5269297361373901,10.39672738313675,0.6660154759883881
恰恰,0.6046509444713593,19.286430597305298,0.6900997757911682
开支,0.18738001585006714,4.798478960990906,0.29950934648513794
被迫,0.21948659420013428,8.559504866600037,0.4759941101074219
粗,0.2759077548980713,7.0855149030685425,0.22720664739608765
穷,0.25795888900756836,8.524947106838226,0.262934148311615
削弱,0.2340046763420105,7.435261428356171,0.4269508123397827
封,0.6663773059844971,14.444888681173325,0.7501440942287445
根本原因,0.6312850415706635,18.497044563293457,0.7105384171009064
后盾,0.502604067325592,12.467705607414246,0.6344235241413116
连夜,0.33568328619003296,11.061513006687164,0.38408172130584717
行李,0.423264741897583,7.835484027862549,0.26938092708587646
下雨,0.3978649973869324,9.3019078373909,0.3883187174797058
来往,0.3282398581504822,11.857374131679535,0.2508164644241333
全都,0.6931113004684448,26.283273458480835,0.7016465961933136
点火,0.9709751158952713,22.988963328301907,0.9017237573862076
判处,0.21317195892333984,3.857476830482483,0.21467745304107666
坚持下去,0.5852535963058472,17.197642028331757,0.7717018276453018
牛奶,0.3462967872619629,9.18557995557785,0.2913907766342163
挤,0.6186113953590393,11.540309995412827,0.39702850580215454
喜,0.4699704051017761,16.611883282661438,0.40193527936935425
唤起,0.6244750320911407,18.286724418401718,0.6136517822742462
耳朵,0.35762888193130493,10.100709855556488,0.34460991621017456
拒,0.6510857343673706,14.783699423074722,0.5415508449077606
先是,0.78182253241539,33.98359724879265,0.6581270098686218
闯入,0.7821715921163559,18.404515132308006,0.8329681754112244
挪威,0.46702122688293457,11.606580913066864,0.20921635627746582
军属,0.6392920315265656,12.302813857793808,0.49162185192108154
死,0.22457754611968994,5.709954798221588,0.48059386014938354
第一年,0.6996468603610992,25.239721059799194,0.8327755928039551
贸易协定,0.39391911029815674,9.337080657482147,0.727045327425003
大臣,0.20144617557525635,4.626323640346527,0.29541659355163574
西北部,0.41839951276779175,10.926622748374939,0.4023631811141968
四号,0.9596313759684563,24.39186891168356,0.8178882002830505
打扫,0.16005033254623413,5.981516897678375,0.24514174461364746
魏,0.7483913600444794,20.783057153224945,0.5035780370235443
一地,0.7176154553890228,28.865006417036057,0.6408045589923859
一环,0.569016307592392,19.60580140352249,0.6052240431308746
肩膀,0.3876001238822937,9.490447402000427,0.2867211699485779
大体,0.786785364151001,22.15479153394699,0.8704612851142883
常有,0.7678512930870056,26.546624153852463,0.6812439560890198
海面,0.27275413274765015,5.772556185722351,0.4987020492553711
不准,0.3088492155075073,9.77972948551178,0.26771384477615356
四点,0.3623451590538025,8.322427451610565,0.6328478157520294
一斤,0.23937147855758667,5.042510628700256,0.20543313026428223
送往,0.5087532997131348,14.879314064979553,0.42345690727233887
名誉,0.7076928317546844,16.600873738527298,0.47858309745788574
寒风,0.5140586495399475,5.696989178657532,0.56062912940979
一夜,0.23588192462921143,9.379660904407501,0.21905940771102905
无意,0.7953343391418457,28.233429729938507,0.604916125535965
绝,0.5810858607292175,18.877026110887527,0.33901602029800415
三条,0.5635935366153717,14.60820135474205,0.4173373579978943
色,0.7647470682859421,15.719244077801704,0.644464522600174
庄,0.5960037410259247,20.338629573583603,0.3970169425010681
采,0.5034184753894806,18.033377081155777,0.5989184081554413
稍,0.553533285856247,14.515524357557297,0.5311202108860016
教育方针,0.5040849149227142,12.45703050494194,0.7427575588226318
华东,0.690307080745697,13.598473131656647,0.6416224539279938
第二条,0.6583821475505829,17.94258639216423,0.44605034589767456
黎明,0.760881319642067,20.719055011868477,0.7930431365966797
乔,0.7840573936700821,22.68978078663349,0.862259715795517
围,0.649763435125351,17.108559101819992,0.6512856483459473
说道,0.5470156073570251,18.441884458065033,0.5042990446090698
助手,0.7005625069141388,18.06521138548851,0.601689487695694
群众组织,0.5959154963493347,18.000707030296326,0.5658561587333679
蹲,0.3832070827484131,10.151675581932068,0.2507656216621399
聪明,0.4713680148124695,13.370564043521881,0.5299280881881714
透露,0.3213846683502197,5.871412694454193,0.6375284790992737
先锋队,0.7040802240371704,10.399341702461243,0.7150501012802124
嘱咐,0.5501777231693268,14.059764415025711,0.3696591854095459
政治委员,0.3073592185974121,5.642764508724213,0.25750619173049927
生前,0.6098616123199463,11.769622057676315,0.5963442623615265
特权,0.3548770546913147,12.391075253486633,0.5011739432811737
黄土,0.535064697265625,14.33060109615326,0.5944443941116333
亲,0.4599824547767639,16.03235363960266,0.8498300611972809
大船,0.5919625163078308,17.726986438035965,0.36758357286453247
会后,0.3683895468711853,14.853188395500183,0.5413658022880554
不满,0.31006699800491333,8.703855752944946,0.3625936508178711
大踏步,0.5024793744087219,15.388535618782043,0.474476158618927
日期,0.6619499623775482,14.694890201091766,0.6053526997566223
殖民,0.3993770480155945,11.206601023674011,0.9937213906086981
配,0.7058824598789215,24.17024141550064,0.6047625541687012
一封,0.17943042516708374,4.88369756937027,0.13419365882873535
十七,0.7718706727027893,18.327433168888092,0.6984157264232635
照耀,0.27129411697387695,5.9866015911102295,0.3346039056777954
舒服,0.5750322043895721,11.405561119318008,0.2721441984176636
进攻,0.2373914122581482,5.5943440198898315,0.6508144736289978
西亚,0.6670086979866028,18.12102961540222,0.7252559661865234
散布,0.4078746438026428,9.662019491195679,0.475231409072876
夜里,0.24074184894561768,7.226761639118195,0.2454078197479248
迄今为止,0.8300014138221741,27.299537152051926,0.7269432246685028
例子,0.32747846841812134,9.568854868412018,0.4087533950805664
大为,0.49052542448043823,15.174746751785278,0.30561113357543945
煽动,0.4110363721847534,9.399093091487885,0.43363916873931885
致电,0.3290262222290039,10.89585256576538,0.5448339879512787
财经,0.7740628719329834,21.34456968307495,0.5797256529331207
砖,0.34869420528411865,6.893867075443268,0.20170629024505615
校内,0.6237194836139679,18.965390861034393,0.7355842888355255
心得,0.5141222774982452,16.79893931746483,0.46628642082214355
表示感谢,0.5632240772247314,8.270235002040863,0.6580418944358826
四项,0.8029523491859436,18.123545318841934,0.6534361839294434
小船,0.30407339334487915,10.07335239648819,0.3946128487586975
股,0.35212743282318115,12.598446786403656,0.524687260389328
公然,0.37122607231140137,9.736204504966736,0.3738865852355957
枪,0.3589290380477905,9.158567428588867,0.28162288665771484
集会,0.18313848972320557,4.937773048877716,0.501572847366333
婴儿,0.4527931213378906,9.195727467536926,0.3947083353996277
极为重要,0.7960271835327148,22.44937789440155,0.9354560524225235
严正,0.40607619285583496,9.450185358524323,0.25019901990890503
理发,0.4623754620552063,13.45935744047165,0.6309483051300049
冻结,0.8184360265731812,19.208709001541138,0.43383198976516724
结成,0.4223448634147644,8.245369791984558,0.6361728012561798
情报,0.441508412361145,11.897386133670807,0.31661540269851685
模糊,0.6044284403324127,15.418492317199707,0.5457697212696075
杂草,0.3559917211532593,8.510592460632324,0.3752058744430542
具体情况,0.4080371856689453,12.91163581609726,0.5990751385688782
遭,0.3751899003982544,9.716940581798553,0.4225314259529114
价钱,0.4932892918586731,9.476852178573608,0.3303934335708618
饥饿,0.2094835638999939,8.725379526615143,0.39170747995376587
招收,0.6899877488613129,9.360842019319534,0.37807202339172363
跋涉,0.4340605139732361,12.40617686510086,0.32263797521591187
委会,0.7776476442813873,20.91939640045166,0.4873175621032715
扫,0.33612287044525146,12.604496598243713,0.45164579153060913
成群,0.5762068927288055,10.29318830370903,0.5011027455329895
锁,0.5993953347206116,19.606605499982834,0.5692864656448364
好吃,0.5955640077590942,13.497385501861572,0.4346790909767151
下定决心,0.7758373022079468,27.447373688220978,0.9045901447534561
下山,0.5688334703445435,15.704414784908295,0.6103144884109497
省会,0.4607127904891968,10.454498052597046,0.6968083381652832
无效,0.6328287422657013,18.689542919397354,0.6011016964912415
启程,0.5881687998771667,13.786092042922974,0.5075916945934296
及早,0.5322990417480469,18.341774821281433,0.4267561435699463
驻守,0.4780445098876953,10.269207179546356,0.6421224474906921
远大,0.5681905746459961,13.31639450788498,0.5950386226177216
左手,0.23056674003601074,6.424527704715729,0.2183956503868103
八个,0.4537352919578552,11.518838584423065,0.7686505913734436
惊讶,0.48468613624572754,10.587384760379791,0.3803176283836365
围着,0.33012503385543823,10.081218302249908,0.3870026469230652
中以,0.8198533654212952,16.62966324388981,0.911214642226696
统帅,0.7579664289951324,19.985868096351624,0.5948552191257477
伤亡,0.2977116107940674,7.782414019107819,0.429215669631958
评,0.6947335600852966,20.313075989484787,1.044764582067728
对内,0.4366034269332886,13.052208602428436,0.5926675796508789
运到,0.2637879252433777,7.731763541698456,0.37883418798446655
匆匆,0.5823695063591003,14.851683467626572,0.35065221786499023
的确,0.5554842054843903,18.44931450486183,0.6822016537189484
发出通知,0.642553061246872,10.683443665504456,0.7100063860416412
就任,0.4948824644088745,12.385981023311615,0.6527623534202576
山头,0.515066921710968,9.96914517879486,0.49945199489593506
刚到,0.6800139844417572,25.00409671664238,0.5524148046970367
招待会,0.20149540901184082,2.675561308860779,0.5865235924720764
当即,0.39283525943756104,13.930298507213593,0.6107203960418701
全身,0.30984848737716675,5.857303977012634,0.3286086916923523
周密,0.4174076318740845,10.404505133628845,0.44436800479888916
脱,0.2800189256668091,7.163369655609131,0.2687668204307556
纽约,0.31535762548446655,7.126267492771149,0.6100834608078003
水渠,0.2942325472831726,8.214923024177551,0.22584772109985352
吊,0.4956066608428955,18.15144658088684,0.7022860646247864
修养,0.5818760693073273,11.37424847483635,0.6188335418701172
绝大部分,0.48090827465057373,17.766339480876923,0.5410312414169312
不算,0.4677499532699585,15.31736832857132,0.5790112316608429
提拔,0.39915263652801514,7.883614599704742,0.5818841457366943
危急,0.46069633960723877,12.03124213218689,0.5878248810768127
存放,0.5262235999107361,15.218963384628296,0.7118930518627167
桌上,0.5047256946563721,9.339375793933868,0.19283616542816162
盛大,0.19783419370651245,4.592406928539276,0.3417973518371582
张贴,0.3309948444366455,9.549020767211914,0.2656053304672241
半岛,0.919718973338604,15.597433768212795,0.6104032099246979
补给,0.9539051875472069,27.512515731155872,0.7034311592578888
地段,0.6803453266620636,14.769630908966064,0.6145452857017517
扔,0.2433171272277832,5.598390519618988,0.4778842329978943
联系群众,0.5145997405052185,12.78202673792839,0.6742343306541443
操纵,0.4316059350967407,12.035798072814941,0.5307813286781311
洪,0.9668417237699032,26.69369552657008,0.647929459810257
南岸,0.597230076789856,13.486964583396912,0.30297034978866577
基本上,0.4466671943664551,11.014983296394348,0.7149772942066193
走到,0.6791290640830994,22.469417214393616,0.4531880021095276
四年,0.4431949257850647,11.971567451953888,0.4102311134338379
换上,0.39069026708602905,11.487932920455933,0.2309858798980713
隐藏,0.39913129806518555,16.97727531194687,0.797557145357132
弟弟,0.3910931944847107,8.780237019062042,0.30349260568618774
毫无,0.3576729893684387,9.389770865440369,0.3843957781791687
姐姐,0.3269473910331726,10.530830562114716,0.4195360541343689
已成,0.7262056171894073,24.52438971400261,0.5281825959682465
孙子,0.6241858601570129,15.674285620450974,0.4682796001434326
九年,0.47748762369155884,15.145930171012878,0.6720741391181946
忍不住,0.385059654712677,12.376807868480682,0.35333752632141113
彻底解决,0.5816527605056763,16.07872784137726,0.35234397649765015
抢收,0.3005369305610657,10.457897007465363,0.3420361876487732
海港,0.5356591939926147,17.18274974822998,0.5063132345676422
武力,0.2989547848701477,6.330456793308258,0.380734920501709
栽,0.3675021529197693,5.021566092967987,0.28830158710479736
并用,0.6039060652256012,22.56080323457718,0.5266978144645691
进发,0.6019351780414581,25.163967698812485,0.9046763181686401
谷物,0.6378552615642548,13.585519105196,0.4720262885093689
前一天,0.8075813800096512,24.807796642184258,0.5198372304439545
主人翁,0.5364414155483246,8.991191893815994,0.7017865180969238
我来,0.731460303068161,24.503286212682724,0.4809225797653198
意,0.506430059671402,14.862474411725998,0.7279558777809143
编者按,0.744677871465683,17.362209051847458,0.7896267771720886
庆祝大会,0.5645714998245239,12.984433710575104,0.6490002572536469
清算,0.6160076558589935,19.14414182305336,0.7544641047716141
践踏,0.6963159143924713,12.375985831022263,0.6753310859203339
肥沃,0.22962486743927002,4.60956084728241,0.3620264530181885
全靠,0.5548503398895264,19.272504776716232,0.59481281042099
劲,0.21917903423309326,9.22998559474945,0.3743055462837219
钉,0.43905502557754517,13.70228922367096,0.4707949161529541
西南部,0.4198618531227112,12.071665346622467,0.3284050226211548
为名,0.5043202638626099,18.13486123085022,0.5336436331272125
卫生部,0.7093503177165985,11.324182510375977,0.6533462405204773
水利建设,0.7441831827163696,19.27697142958641,0.6855623424053192
嘴,0.27089881896972656,8.453953564167023,0.4392162561416626
得不到,0.5291333198547363,10.2051722407341,0.6142107248306274
认清,0.3518252372741699,11.688779711723328,0.5356612503528595
沦为,0.321289598941803,11.034217834472656,0.38766199350357056
随时随地,0.7127285897731781,31.87120458483696,0.5562165975570679
活泼,0.3290030360221863,7.725744247436523,0.452311635017395
是非,0.5431519150733948,11.699665307998657,0.7021802663803101
不幸,0.30215585231781006,8.183010041713715,0.3416438698768616
不负责任,0.5375839471817017,14.012436717748642,0.6913679838180542
三天,0.21352553367614746,7.549252569675446,0.4320297837257385
经济基础,0.5343694686889648,8.983206987380981,0.626295268535614
继续发扬,0.4064940810203552,12.040063261985779,0.39060264825820923
闻,0.7615588009357452,24.059594213962555,0.7429632544517517
食,0.48043501377105713,14.357588052749634,0.5284704566001892
民主权利,0.567452073097229,9.292820245027542,0.46639031171798706
演习,0.3511527180671692,6.746766924858093,0.34570759534835815
减产,0.588384747505188,8.33684527873993,0.8191025257110596
政治经济,0.8611036688089371,20.19620107114315,0.6053419709205627
出场,0.7663287818431854,16.032281666994095,0.6988956034183502
刀,0.289853036403656,8.714616537094116,0.33483803272247314
交代,0.655522495508194,20.337772130966187,0.6735590100288391
并作,0.868723914027214,19.277735725045204,0.6472411453723907
担子,0.23794448375701904,5.340917706489563,0.3103611469268799
孤立,0.23033201694488525,7.586624264717102,0.3523552417755127
劳工,0.5039981305599213,15.169124454259872,0.5335575640201569
和平解决,0.5938118398189545,9.119866520166397,0.4388086199760437
电气化,0.5820057094097137,14.47106322646141,0.6736499667167664
隆重,0.15670859813690186,4.78753525018692,0.2620195746421814
金钱,0.4580461382865906,13.563460946083069,0.5487611889839172
赚钱,0.39640992879867554,11.233402609825134,0.3147050142288208
树林,0.5251578688621521,13.040613889694214,0.48998236656188965
校,0.6760012805461884,21.146456480026245,0.6385162472724915
针,0.5667217969894409,11.535488784313202,0.26065903902053833
正规,0.6809639632701874,15.889968246221542,0.9482481442391872
护送,0.6772795617580414,17.132491379976273,0.37167811393737793
七个,0.6018812656402588,16.72848129272461,0.906047135591507
教员,0.4654785394668579,10.547963738441467,0.5725237429141998
强行,0.5008540451526642,17.244427889585495,0.5571034550666809
岛屿,0.40665745735168457,8.948326110839844,0.4205474257469177
之多,0.3702419400215149,10.39285296201706,0.508745551109314
隐蔽,0.41063934564590454,16.101273775100708,0.492984414100647
听众,0.519949346780777,10.971934348344803,0.462494432926178
预祝,0.6985924243927002,16.155262053012848,0.5612803399562836
联想,0.6055393815040588,19.309598803520203,0.7192573249340057
水深,0.36785024404525757,10.81230491399765,0.5428585708141327
麦苗,0.348160982131958,11.478047013282776,0.312855064868927
扑,0.2767053246498108,7.797571420669556,0.3339523673057556
乐队,0.4703342914581299,7.379464745521545,0.4416201114654541
无数次,0.6760647296905518,24.907748073339462,0.6850695610046387
一页,0.2883601784706116,7.11223441362381,0.3765108585357666
为首,0.4767650365829468,9.454661846160889,0.4795498251914978
一律,0.7720146030187607,10.186579570174217,0.38985675573349
顽固,0.5468904376029968,14.880828380584717,0.46817219257354736
轻工业,0.45797199010849,12.821059226989746,0.5648233592510223
亲身经历,0.6234652996063232,18.564659386873245,0.5554113388061523
声称,0.517583429813385,14.857711851596832,0.35110169649124146
所用,0.6480136513710022,18.73786109685898,0.6090017259120941
泛滥,0.32858872413635254,10.233863651752472,0.7577193677425385
原子,0.8086801469326019,19.26452961564064,0.6700661480426788
泰山,0.8568452894687653,23.958689004182816,0.7182671129703522
保加利亚,0.4621647000312805,11.187026977539062,0.4338419437408447
否定,0.5592540800571442,9.850553303956985,0.5290396213531494
新纪录,0.3968791365623474,10.58723896741867,0.5107778012752533
欢呼,0.12541449069976807,5.6212568283081055,0.21379679441452026
半数,0.5683706104755402,16.11176097393036,0.6120364964008331
无穷,0.6288073360919952,17.64416867494583,0.6257007718086243
灌,0.5697857439517975,12.464927822351456,0.5920042097568512
汉,0.39302051067352295,12.517983794212341,0.5020325779914856
检查和,0.5881461799144745,14.20128419995308,0.7105742692947388
要紧,0.5304841697216034,19.608032256364822,0.6368985176086426
夹,0.46011483669281006,11.675784766674042,0.5130654871463776
丹,0.7908377051353455,23.037310302257538,0.5271734893321991
军事行动,0.4529879689216614,11.856313705444336,0.504571259021759
车子,0.29824793338775635,9.5055251121521,0.35185176134109497
辞职,0.41600072383880615,12.997919797897339,0.8066946864128113
用到,0.5717639327049255,16.883169174194336,0.7007112205028534
运动场,0.825443223118782,19.681302055716515,0.7402209937572479
献给,0.44320160150527954,7.924108266830444,0.47747278213500977
长长的,0.5909178555011749,13.111131638288498,0.7811633199453354
一角,0.6642624735832214,17.61888313293457,0.9585704319179058
信中,0.3701751232147217,7.325433909893036,0.29254579544067383
下水,0.46543872356414795,15.88428509235382,0.7066629230976105
停工,0.4663407802581787,14.12190991640091,0.3979259133338928
一举,0.6802213788032532,11.616983383893967,0.46036309003829956
期满,0.5598403215408325,14.182764053344727,0.6316286623477936
毫不,0.3115788698196411,7.672758877277374,0.32460200786590576
很受,0.3910263776779175,9.966288089752197,0.5192165672779083
党派,0.8027955442667007,16.558199137449265,0.375709593296051
壮,0.4896754026412964,13.015522837638855,0.7118773460388184
外围,0.6116574108600616,24.5977623462677,0.7440536916255951
府,0.5628576278686523,20.297854900360107,0.632339745759964
袋,0.49809521436691284,11.668378710746765,0.36040449142456055
没法,0.589100569486618,19.6731036901474,0.40977156162261963
铁道,0.6742399334907532,19.641258507966995,0.6230912804603577
自给,0.43473637104034424,9.010874092578888,0.45698291063308716
坏,0.3403892517089844,10.020106613636017,0.3727545738220215
浅,0.7426609396934509,13.688738882541656,0.6911134719848633
亲戚,0.49562084674835205,14.069929122924805,0.30817514657974243
老同志,0.7102147936820984,15.917254596948624,0.7703917026519775
饱受,0.43456220626831055,11.350603640079498,0.4484568238258362
两件,0.5692136883735657,16.062580704689026,0.3883693218231201
英雄模范,0.833101898431778,14.2931217700243,0.3470173478126526
足以,0.5023013651371002,17.460183411836624,0.7249438464641571
致使,0.5906770825386047,14.992896318435669,0.4485037922859192
计,0.6055422723293304,17.618164598941803,0.7441730201244354
说出,0.27177590131759644,11.60880720615387,0.43789541721343994
初级,0.5802561938762665,21.029307305812836,0.8468136787414551
出身,0.3131503462791443,8.33651852607727,0.4872424602508545
向阳,0.7993154525756836,24.61261311173439,0.786323219537735
过多,0.5408568978309631,13.004095584154129,0.3110031485557556
以身作则,0.37196028232574463,9.437399804592133,0.5054019689559937
错,0.3802834749221802,13.790748119354248,0.45631736516952515
屋,0.5556502640247345,19.705876916646957,0.45430809259414673
几家,0.5911901295185089,17.812377333641052,0.38092970848083496
抗议,0.19962424039840698,5.803333222866058,0.46758270263671875
以南,0.1996842622756958,6.874367713928223,0.47401148080825806
不留,0.9567236863076687,22.925943072885275,0.39038515090942383
社员,0.40680307149887085,8.996133148670197,0.38355714082717896
巨额,0.3167698383331299,6.86693811416626,0.6493672430515289
摆满,0.5038543939590454,12.262515425682068,0.29467928409576416
发给,0.4676724076271057,10.142588078975677,0.5103975534439087
鲜红,0.3151649832725525,9.840934693813324,0.3226102590560913
统治,0.28398144245147705,4.8266825675964355,0.500090092420578
阻挠,0.25403833389282227,9.27719658613205,0.3218240737915039
一路上,0.5171721279621124,21.035029977560043,0.4385303258895874
尤,0.6354436874389648,21.814382404088974,1.0158583298325539
背上,0.31336015462875366,9.602706849575043,0.32069432735443115
票,0.6721009612083435,7.945158541202545,0.4884887933731079
激昂,0.4052778482437134,9.815401673316956,0.4625720977783203
响彻,0.517556220293045,7.3849736750125885,0.2131621241569519
任意,0.3818700313568115,12.047215223312378,0.4017055034637451
锅炉,0.3035832643508911,6.235479235649109,0.33698272705078125
推迟,0.648350179195404,14.795988142490387,0.6417610347270966
证实,0.3452690839767456,10.711211323738098,0.6674419045448303
视线,0.6374649405479431,17.373282372951508,0.7988776862621307
变动,0.5136128664016724,14.69053965806961,0.31572771072387695
兴隆,0.6452123522758484,24.229523926973343,0.43703949451446533
平静,0.7381890714168549,10.757337421178818,0.6785181164741516
确有,1.0220076218247414,24.40174190327525,0.9474578313529491
中将,0.4914918541908264,12.379360318183899,0.4543277621269226
约翰,0.6322721242904663,10.546944737434387,0.27624261379241943
树枝,0.6273267567157745,9.571240574121475,0.6348982155323029
眼泪,0.11977726221084595,3.254355251789093,0.11524111032485962
耕地面积,0.2814738154411316,5.980963349342346,0.27233725786209106
澳,0.832272544503212,24.389710947871208,0.7877062559127808
可贵,0.4660167694091797,11.06104689836502,0.48031479120254517
亲友,0.7763909846544266,17.65408356487751,0.5489463806152344
大部,0.8010968118906021,15.418717846274376,0.7913346737623215
高价,0.34259575605392456,8.441771864891052,0.7762387543916702
隆重举行,0.33829373121261597,9.168382048606873,0.49279308319091797
有用,0.7246195673942566,17.574856281280518,0.8614799380302429
消灭,0.6321501135826111,8.081846803426743,0.5348816514015198
后勤,0.47416144609451294,11.769713461399078,0.3631197214126587
营救,0.7166293859481812,20.862372130155563,0.6139110326766968
切断,0.37049442529678345,14.493241965770721,0.6818369030952454
我愿,0.8571310192346573,26.226858094334602,0.6174445152282715
善良,0.7327359318733215,13.311852484941483,0.6856881976127625
低头,0.33954548835754395,13.938755512237549,0.7259252369403839
奖金,0.4992513060569763,7.342025995254517,0.20257622003555298
幌子,0.5548604130744934,11.592335671186447,0.8213613480329514
上要,0.6869626939296722,24.860480099916458,0.8033173084259033
好几个,0.5826788544654846,24.26986137032509,0.6217487156391144
国民党,0.31128358840942383,6.184488892555237,0.5703558325767517
奥,0.4296366572380066,10.393426537513733,0.5438355803489685
混乱,0.15570926666259766,5.312943756580353,0.28964877128601074
来宾,0.46826159954071045,11.417202889919281,0.48107653856277466
对准,0.42326629161834717,12.990716874599457,0.5798682272434235
洛杉矶,0.669416755437851,16.31856408715248,0.7614597380161285
一副,0.6714531183242798,8.828530311584473,0.5541974008083344
纯粹,0.7741276025772095,18.88131082057953,0.8046386241912842
大洋,0.7917326241731644,21.75895269215107,0.8590739071369171
盘旋,0.32764869928359985,8.603756606578827,0.43733346462249756
膨胀,0.6972920596599579,18.3376245200634,0.7249861359596252
付款,0.6364844441413879,9.581423699855804,0.5043975412845612
出入,0.7196244299411774,21.90950956940651,0.429574191570282
据此,0.6970370709896088,13.591017574071884,0.9280696511268616
邦,0.5947385430335999,21.742614835500717,0.7094643115997314
新任,0.38722801208496094,8.92963856458664,0.5004737675189972
分批,0.840092122554779,24.596892774105072,0.6387889683246613
毫不犹豫,0.6708316504955292,21.982807219028473,0.7348025143146515
敲,0.25699567794799805,10.807097315788269,0.4337728023529053
而后,1.0426354557275772,33.9875061661005,0.7770221382379532
停滞,0.44220608472824097,11.918169617652893,0.5301036536693573
桌椅,0.40255677700042725,12.738987445831299,0.3956616520881653
王家,0.812699094414711,26.833430036902428,0.3693227171897888
洞,0.5004605054855347,14.05525827407837,0.4516696333885193
牲畜,0.17671918869018555,5.178881287574768,0.39389705657958984
热忱,0.42962247133255005,15.204790234565735,0.41922813653945923
疼痛,0.4000481963157654,6.332139074802399,0.2964633107185364
阶级,0.2461092472076416,6.568004786968231,0.6373105943202972
数百名,0.5435539186000824,18.27347594499588,0.6260575950145721
午饭,0.4173494577407837,9.333081245422363,0.27817046642303467
树叶,0.288235068321228,9.667356967926025,0.42182350158691406
重要环节,0.8207530975341797,31.756039828062057,0.7885194569826126
为的是,0.7223856151103973,39.968588173389435,0.7276116907596588
通俗,0.4120944142341614,11.036579191684723,0.409057080745697
攻,0.7482661306858063,21.60040718317032,0.6513524055480957
铲除,0.42402374744415283,12.864393174648285,0.5216116309165955
伤员,0.27039992809295654,7.701588034629822,0.2306203842163086
砍,0.3515530824661255,8.05929434299469,0.3093835711479187
涌,0.48662078380584717,12.536757051944733,0.5371332466602325
工农,0.5015264451503754,14.067811220884323,0.6478703320026398
县长,0.8105775713920593,14.523649334907532,0.31701207160949707
不住,0.2912476658821106,6.291857063770294,0.23833978176116943
深重,0.26802998781204224,9.17568588256836,0.352333128452301
划,0.7351486682891846,26.355060636997223,0.7864388823509216
怎样才能,0.7579200267791748,26.641517102718353,0.700876921415329
骗,0.4089093804359436,13.429819405078888,0.493468701839447
改装,0.5907438695430756,14.40068593621254,0.7384243309497833
捕鱼,0.3100126385688782,8.940962493419647,0.45423436164855957
分赴,0.3723747134208679,9.93717497587204,0.4259297847747803
危及,0.5551185607910156,15.67262750864029,0.5873121023178101
欢呼声,0.3232869505882263,4.773652076721191,0.3296729326248169
一天天,0.44888603687286377,15.1604984998703,0.5365288257598877
听见,0.29520124197006226,7.672237932682037,0.20282334089279175
收回,0.5343311429023743,11.164147973060608,0.39470160007476807
三尺,0.6883604228496552,19.21811991930008,0.8289160281419754
忠于,0.5856428146362305,8.392845571041107,0.5169268846511841
歪曲,0.2949897050857544,7.633724868297577,0.4147271513938904
儿,0.7631941437721252,15.428494453430176,0.3626289963722229
签字,0.20020067691802979,5.6149545311927795,0.43408238887786865
休假,0.6761307418346405,15.486043602228165,0.5319415628910065
岸上,0.44668513536453247,16.55402982234955,0.38731539249420166
刊登,0.21110087633132935,4.091659486293793,0.22884654998779297
声响,0.36042720079421997,9.88853520154953,0.31106191873550415
限于,0.44826024770736694,15.720889747142792,0.5867761969566345
国民议会,0.3080485463142395,6.294543027877808,0.4362650513648987
不必要,0.4679511785507202,12.492133021354675,0.26199251413345337
参议院,0.5069306790828705,8.570101767778397,0.45994919538497925
大队长,0.6337891817092896,15.414099037647247,0.2980926036834717
鞋子,0.4318869113922119,10.428756058216095,0.26934587955474854
防务,0.6303741931915283,15.399693369865417,0.7759391963481903
瓦尔,0.5544687211513519,13.683562487363815,0.6236239969730377
破旧,0.4492029547691345,12.959248125553131,0.5277112722396851
登,0.7757120579481125,20.152528926730156,0.9721092972904444
密布,0.5941882431507111,15.304684609174728,0.5380503833293915
急剧,0.45031261444091797,9.594819843769073,0.5823235213756561
变相,0.6934403777122498,16.46966317296028,0.7182341814041138
地中海,0.6040708124637604,12.189793139696121,0.46425771713256836
上旬,0.3260473608970642,6.55824738740921,0.5359484851360321
十分重视,0.6518422663211823,15.652877241373062,0.8226296305656433
上将,0.5529458224773407,10.853206902742386,0.5278977155685425
交界,0.4255700707435608,10.773668348789215,0.24714237451553345
农具,0.379680871963501,11.733978033065796,0.4575040340423584
布满,0.49856698513031006,10.653744757175446,0.5268151760101318
不朽,0.42789405584335327,8.052206635475159,0.41648077964782715
查出,0.7015159428119659,18.341424614191055,0.8150447756052017
社长,0.46193498373031616,9.410846889019012,0.3363472819328308
脚踏,0.617103099822998,22.851082682609558,0.705922394990921
闻名,0.6646035313606262,17.78603544831276,0.6526093780994415
三分,0.43901199102401733,13.778658330440521,0.6901713907718658
领事,0.5137028694152832,15.347563624382019,0.7891523540019989
一分钟,0.5874306857585907,17.399916887283325,0.6788618266582489
种上,0.2461654543876648,6.337145268917084,0.2519397735595703
好比,0.6070516705513,23.666083812713623,0.41581833362579346
存,0.6501780450344086,21.616129904985428,0.9309782311320305
分明,0.6785221993923187,20.53308740258217,0.8578384071588516
贫穷,0.6185353696346283,11.431914150714874,0.8444139212369919
纽约时报,0.32907038927078247,8.887309849262238,0.3457711935043335
理,0.7683315128087997,22.355917021632195,0.7242524027824402
拜,0.717929869890213,17.45198145508766,0.7328860759735107
明明,0.6359677612781525,30.964062750339508,0.8477188944816589
可不,0.5524167418479919,27.29041063785553,0.5304215848445892
废物,0.7455686628818512,14.92032378911972,0.6968961358070374
而来,0.8328501135110855,30.918074682354927,0.9563835337758064
事先,0.5483059585094452,14.819001525640488,0.6231935918331146
领到,0.5424463748931885,15.818475067615509,0.4452817440032959
倒塌,0.3240458369255066,8.47999131679535,0.6124085783958435
多出,0.42392396926879883,13.742915868759155,0.4466422200202942
矿井,0.5161504745483398,10.589269697666168,0.5693631768226624
阳,0.6878046691417694,19.07295885682106,0.45490342378616333
洋,0.7089264392852783,24.66846054792404,0.8875943049788475
厂里,0.5833818018436432,11.594542056322098,0.6528535783290863
内有,0.9459819532930851,27.304196324199438,0.8297378420829773
争相,0.7601817399263382,21.707382664084435,0.4494525194168091
电影院,0.39420419931411743,12.65310001373291,0.2297404408454895
宣称,0.3210487365722656,13.756216049194336,0.6860799789428711
指战员,0.2834632396697998,5.791275918483734,0.3800394535064697
听听,0.5406634509563446,17.526422172784805,0.49112868309020996
市内,0.3322465419769287,12.430780529975891,0.4114152789115906
欲,0.7600057721138,20.022874385118484,0.7760729342699051
痛苦,0.16227853298187256,4.457104325294495,0.2852171063423157
解开,0.5703733563423157,14.413554668426514,0.5795620083808899
起立,0.1791897416114807,5.084861099720001,0.2607242465019226
分外,0.5508230626583099,11.961422711610794,0.3321821093559265
充分发扬,0.561838299036026,10.100842505693436,0.5191946029663086
敬佩,0.5203960835933685,9.859391540288925,0.5756506621837616
后方,0.4033597707748413,15.189266443252563,0.7150934040546417
患病,0.5163283050060272,13.786376804113388,0.5058961808681488
会计,0.39232581853866577,11.062056124210358,0.5205375552177429
撒,0.6334847509860992,12.727277368307114,0.5548997819423676
手工业,0.39582449197769165,13.402861475944519,0.5137035250663757
市镇,0.8477744609117508,28.847638234496117,0.5109656751155853
终将,0.6644013226032257,26.461639255285263,0.6235610544681549
偏僻,0.3357589840888977,6.609230875968933,0.46118831634521484
颗,0.4581684470176697,11.20581591129303,0.4503774642944336
点头,0.3844109773635864,12.640933990478516,0.3719809055328369
两只,0.2903558611869812,6.660793364048004,0.18611550331115723
人来,0.8165913671255112,25.293408915400505,0.5673474967479706
爱戴,0.2646632194519043,7.423442304134369,0.19769012928009033
中央委员,0.3688390851020813,9.035670638084412,0.47085273265838623
添置,0.39308273792266846,10.066370248794556,0.3372378349304199
巨幅,0.16552740335464478,5.469469964504242,0.3469739556312561
三成,0.5081203579902649,17.801840901374817,0.38560426235198975
差别,0.5522652864456177,9.634059488773346,0.5523546040058136
例外,0.5846023559570312,12.618460297584534,0.4645896553993225
开着,0.6282934844493866,16.85005348920822,0.3365548849105835
过于,0.7036464214324951,14.263725847005844,0.4677332043647766
往前,0.4074038863182068,16.22613090276718,0.5663591921329498
总工会,0.8428029417991638,12.263791859149933,0.39108848571777344
拨款,0.6592291295528412,10.522090166807175,0.35529303550720215
号令,0.7246654629707336,26.694418340921402,0.7046971917152405
粉碎,0.36504238843917847,8.00869482755661,0.7812610417604446
哭,0.34173619747161865,6.398589015007019,0.14172255992889404
看得,0.4207409620285034,16.351593494415283,0.5729270279407501
小车,0.362343966960907,10.989243507385254,0.3581236004829407
印,0.600648045539856,17.50927111506462,0.7888474613428116
目睹,0.8302579522132874,24.82628482580185,0.5574914813041687
直属,0.8054047524929047,15.427137941122055,0.5236047506332397
整修,0.5490034520626068,10.57906898856163,0.638315737247467
一课,0.6117454767227173,19.635160863399506,0.7337290048599243
某部,0.16589570045471191,3.846674144268036,0.3618927597999573
横,0.5146466493606567,20.28219974040985,0.6507743299007416
津贴,0.8334455341100693,15.250127911567688,0.3965306878089905
开往,0.31208664178848267,8.35437661409378,0.41230320930480957
先烈,0.38589900732040405,10.60727858543396,0.28244203329086304
武器装备,0.6656661331653595,16.319946348667145,0.4231991767883301
畅谈,0.6957177817821503,16.174914866685867,0.5441842377185822
南山,0.7801885157823563,30.114284113049507,0.6381634473800659
罪行,0.2685834765434265,6.789348065853119,0.2936685085296631
历年,0.5353890657424927,20.47696280479431,0.9593583159148693
守卫,0.36621302366256714,11.140242576599121,0.53538379073143
路程,0.32090306282043457,8.30369746685028,0.4242355227470398
必胜,0.6544169783592224,13.829338192939758,0.4240800738334656
几十个,0.4398203492164612,20.420362293720245,0.6084026098251343
努力争取,0.8781805038452148,37.59752036631107,0.8484450876712799
埋头,0.6405968368053436,17.23650750517845,0.5854010581970215
领,0.7134345173835754,20.64401349425316,0.545658677816391
尼亚,0.46872836351394653,12.496417164802551,0.3458442687988281
算是,0.6972191333770752,24.115022838115692,0.6014973819255829
联名,0.4899623990058899,15.299101531505585,0.46901071071624756
军区,0.2802736759185791,5.1212732791900635,0.35554248094558716
担,0.5172523558139801,12.598447531461716,0.5914583206176758
一味,0.5100866258144379,12.783115983009338,0.6080184578895569
座位,0.634764164686203,14.267031103372574,0.6417158246040344
席位,0.7461874186992645,11.729946464300156,0.6851704120635986
支持者,0.593851238489151,20.753216058015823,0.8598274290561676
降落,0.2842545509338379,7.460688769817352,0.25460100173950195
雄壮,0.16880100965499878,5.4318108558654785,0.21551138162612915
占领,0.3047526478767395,7.176000535488129,0.5037340521812439
中起,0.3271029591560364,5.915336847305298,0.5305578112602234
大西洋,0.4045630097389221,9.802767753601074,0.4155409336090088
评论员,0.34555745124816895,7.075010657310486,0.6182029247283936
奋起,0.37042391300201416,12.964121878147125,0.6245147883892059
邻近,0.648235946893692,22.067131340503693,0.6511256992816925
洒,0.5583018958568573,13.370066940784454,0.5523552000522614
阶层,0.39341217279434204,11.676646113395691,0.5587767064571381
发电厂,0.39379042387008667,10.695316314697266,0.3532094955444336
列队,0.30557119846343994,12.217795491218567,0.5040459036827087
开垦,0.3944298028945923,7.660611271858215,0.48162907361984253
再用,0.7738850861787796,15.077421173453331,0.3736673593521118
缓和,0.42260366678237915,8.317219495773315,0.5050845146179199
捏,0.40529656410217285,13.420699834823608,0.21638387441635132
面孔,0.30519527196884155,11.486072659492493,0.41610395908355713
解放战争,0.4682813286781311,5.710458934307098,0.5897163152694702
头发,0.2722761631011963,5.9894750118255615,0.17345404624938965
赶忙,0.709060549736023,20.925040751695633,0.5391591787338257
军政,0.6318464875221252,10.201066553592682,0.688309371471405
聚精会神,0.5973354876041412,15.346972286701202,0.603837639093399
最少,0.8166334182024002,18.401059731841087,0.5285687446594238
最能,0.6172812581062317,25.767767548561096,0.7204184830188751
真相,0.39005935192108154,12.441535711288452,0.3409461975097656
面子,0.6526305079460144,19.28216925263405,0.6672325432300568
红星,0.6977373659610748,20.289723932743073,0.6861609220504761
两头,0.389983594417572,13.026625335216522,0.4992137551307678
不明,0.4977918267250061,17.822073101997375,0.606331467628479
颠覆,0.7802344709634781,13.619920253753662,0.5552165508270264
争,0.8685433864593506,13.552736282348633,0.7269973158836365
门外,0.5987367331981659,15.23323169350624,0.3668453097343445
锄头,0.37835443019866943,9.038569688796997,0.25753164291381836
取出,0.45562922954559326,10.630380809307098,0.2862231731414795
飞舞,0.5036293864250183,10.123321235179901,0.40584349632263184
装有,0.6513164937496185,10.087613850831985,0.3494454622268677
背包,0.36388611793518066,13.949818551540375,0.32352298498153687
狭小,0.729729562997818,18.5938341319561,0.44973278045654297
初步统计,0.5251235961914062,21.343136250972748,0.6984044313430786
得罪,0.5840670764446259,20.7692309319973,0.8093608170747757
过剩,0.566218912601471,14.440413057804108,0.7703314572572708
民主党,0.36332130432128906,8.076630115509033,0.26372259855270386
日月,0.8206802010536194,18.596274375915527,0.804901733994484
贴着,0.42776668071746826,10.613420248031616,0.172632098197937
领导权,0.4797592759132385,15.741815090179443,0.6043384671211243
隆隆,0.21297651529312134,6.660216510295868,0.340742826461792
床上,0.1963428258895874,4.453353464603424,0.15137767791748047
麦,0.5815883874893188,17.84609916806221,0.40750157833099365
一连,0.42254918813705444,13.82146817445755,0.3368580937385559
舍不得,0.6320390403270721,14.368197530508041,0.4989621043205261
害怕,0.27447640895843506,10.406825125217438,0.3422659635543823
干干净净,0.49874556064605713,8.657570004463196,0.3480813503265381
芬兰,0.45022231340408325,13.794612407684326,0.5293610692024231
拜访,0.7449530065059662,24.672183454036713,0.6393002867698669
传出,0.21900510787963867,7.125765025615692,0.49765098094940186
沾,0.4438796639442444,13.13750547170639,0.5838578045368195
冲破,0.3290759325027466,8.947505712509155,0.5761095881462097
解决不了,0.39162951707839966,11.577066540718079,0.5029074549674988
过高,0.8375623226165771,14.809179037809372,0.5132649540901184
怀疑,0.4038940668106079,9.578979551792145,0.34061330556869507
无穷的,0.568298876285553,10.68985703587532,0.5027773380279541
能干,0.3987104296684265,15.836891829967499,0.38828814029693604
断,0.4250814914703369,14.119171619415283,0.6040361225605011
雇用,0.6444346010684967,22.003233075141907,0.339277982711792
排演,0.313201904296875,10.367864847183228,0.16549724340438843
一寸,0.4685157537460327,14.666824102401733,0.3796985149383545
事事,0.5880268812179565,15.543617367744446,0.7239415645599365
总共,0.3069308400154114,12.834814548492432,0.645519882440567
问道,0.5416496098041534,21.667298704385757,0.6203022301197052
防守,0.40451735258102417,8.582479357719421,0.6637343168258667
工业区,0.6174818575382233,15.465786010026932,0.667229175567627
看过,0.6314847469329834,13.578248739242554,0.4741528034210205
社会秩序,0.6990081965923309,15.138477563858032,0.4333530068397522
很小,0.5890587270259857,19.809022337198257,0.4716110825538635
面包,0.6490420401096344,10.428890764713287,0.32220858335494995
王朝,0.7462932467460632,16.572049617767334,0.5345858931541443
小河,0.5512539148330688,12.556567907333374,0.658665269613266
解决办法,0.5145942568778992,12.188795745372772,0.4444795846939087
混,0.7045066058635712,29.958760768175125,0.904009498655796
分数,0.7858267426490784,17.667073726654053,0.49200642108917236
正中,0.5524829030036926,12.16080892086029,0.5743970274925232
一时期,0.6280376315116882,24.64659070968628,0.8331422060728073
腰,0.19055771827697754,7.064217627048492,0.1919979453086853
较差,0.709671676158905,14.578385978937149,0.6382042467594147
填,0.4504484534263611,17.929035007953644,0.5456366539001465
多大,0.5380267798900604,14.913397520780563,0.5391608476638794
患,0.2725532650947571,3.9249073266983032,0.2833627462387085
四面八方,0.3969481587409973,9.896911203861237,0.40878617763519287
干脆,0.36825186014175415,15.454108953475952,0.6096084117889404
描写,0.3340364098548889,7.011984884738922,0.4365065097808838
领着,0.37558162212371826,12.70833307504654,0.3471733331680298
晚饭,0.2437230944633484,8.871481895446777,0.21747833490371704
悼念,0.49653464555740356,13.068295240402222,0.6454024314880371
零星,0.5843828320503235,20.041685581207275,0.638435423374176
工夫,0.46589916944503784,16.306181848049164,0.37614983320236206
大声,0.23738735914230347,6.954957544803619,0.18626773357391357
总指挥,1.0062574911862612,17.241410987451673,0.5004708170890808
推销,0.44682788848876953,11.68651694059372,0.5560654103755951
流离失所,0.5097496211528778,18.524145513772964,0.4026499390602112
三者,0.7217601537704468,13.135009229183197,0.6602594554424286
念,0.4606524705886841,15.427922487258911,0.6397659778594971
国务卿,0.1458284854888916,3.7055476307868958,0.4488866329193115
史无前例,0.7628513723611832,30.87125353515148,0.8119229376316071
最先,0.8966080844402313,38.221179097890854,0.8208192735910416
不遗余力,0.7884254157543182,34.64667999744415,0.6806191205978394
木头,0.5360424816608429,11.742920845746994,0.28972750902175903
三种,0.5118085741996765,12.875231921672821,0.49393367767333984
鲁迅,0.6504833996295929,9.60549858212471,0.40270644426345825
书本,0.667051762342453,15.088892549276352,0.48010027408599854
隐瞒,0.6460352838039398,16.41999179124832,0.6593599915504456
不大,0.5828630030155182,20.11970826983452,0.7328889966011047
两部,0.7680934071540833,15.725955545902252,0.576752781867981
陈旧,0.7667326629161835,14.988893806934357,0.825368270277977
星期,0.31581854820251465,7.115874230861664,0.3953414559364319
花钱,0.44846606254577637,8.489836752414703,0.5243963599205017
迹象,0.4863341450691223,11.717127859592438,0.7014115154743195
多久,0.5161175727844238,18.95449322462082,0.5117036700248718
中为,0.782135471701622,36.782221868634224,0.9100785180926323
机车,0.29265594482421875,9.575305759906769,0.40583091974258423
尊敬,0.33254724740982056,7.863407075405121,0.5919759571552277
斗,0.7231952548027039,19.422963470220566,0.6362959444522858
退回,0.8500215709209442,22.497855097055435,0.655813604593277
惩罚,0.34760522842407227,7.927362680435181,0.37838393449783325
采取行动,0.6373534798622131,19.707647651433945,0.47892463207244873
显然,0.31213700771331787,9.366256415843964,0.440346360206604
身旁,0.4317353367805481,13.515925407409668,0.34964823722839355
诞辰,0.5502755343914032,8.628951638936996,0.32092857360839844
贺电,0.30775952339172363,7.187152087688446,0.3528503179550171
我能,0.6558081209659576,25.191753566265106,0.7225784361362457
接见,0.30629777908325195,6.059507846832275,0.4974493980407715
国防部长,0.33456021547317505,4.628154754638672,0.5602142214775085
借着,0.7654875814914703,27.127712041139603,0.8865586817264557
悲痛,0.4055424928665161,11.114828944206238,0.4430078864097595
数万,0.45807021856307983,18.96981954574585,0.5119144022464752
四条,0.603230893611908,22.23210960626602,0.7592604607343674
不定期,0.7407841682434082,22.07724168896675,0.8039834052324295
大军,0.39803415536880493,9.814861297607422,0.740536093711853
第十,0.7596230208873749,27.323415905237198,0.5127855241298676
中要,0.6611386239528656,22.631250262260437,0.5307424366474152
薛,0.8264369517564774,27.27136044204235,0.6403452157974243
局限于,0.7447915077209473,23.65161234140396,0.49982547760009766
比前,0.7392831444740295,16.33161735534668,0.9876051712781191
传送,0.6354739665985107,18.52507621049881,0.5867249667644501
厉行节约,0.5644995868206024,15.983005672693253,0.3952926993370056
去向,0.7556392252445221,30.748710453510284,0.9573347792029381
谎言,0.3645648956298828,9.836178183555603,0.4353547692298889
力量对比,0.5447655320167542,17.86483660340309,0.8887835070490837
贝尔,0.5611219704151154,16.736359387636185,0.5642135143280029
沉重,0.38980013132095337,6.220130085945129,0.430425763130188
发动群众,0.3034828305244446,9.286242723464966,0.4838712811470032
寄,0.5542825758457184,11.30625268816948,0.46510857343673706
无线电,0.5307652056217194,13.65771409869194,0.5993141233921051
书中,0.7250642776489258,18.24359929561615,0.4791119694709778
恐慌,0.5263909697532654,18.520586371421814,0.5498659610748291
王子,0.6222051084041595,20.817038834095,0.5420579612255096
占有,0.630693256855011,8.721860468387604,0.6558676958084106
几句,0.44036805629730225,11.73739868402481,0.5581706762313843
包围,0.4665806293487549,10.710685849189758,0.5825648307800293
全校,0.3967861533164978,13.08109438419342,0.34986770153045654
养活,0.5122063457965851,18.16282084584236,0.6041035652160645
报刊,0.5944210290908813,7.688847124576569,0.5396908521652222
按期,0.63724684715271,14.383845925331116,0.5146857798099518
风俗,0.649118572473526,14.281790614128113,0.6800051331520081
掩盖,0.2414388656616211,8.709481000900269,0.4033712148666382
男女,0.3512795567512512,7.121260046958923,0.6765059232711792
没见,0.5271772146224976,21.220267832279205,0.5224156379699707
扛着,0.28381139039993286,10.182391464710236,0.21363049745559692
空谈,0.7416614592075348,18.601802170276642,0.6569773852825165
开进,0.5042873024940491,15.555816531181335,0.6581000685691833
叙述,0.5459338128566742,12.649996042251587,0.523960292339325
推翻,0.3313726782798767,6.667372465133667,0.48536545038223267
麦收,0.6041291058063507,15.333530634641647,0.3910542130470276
进门,0.4658525586128235,16.270753026008606,0.5643600523471832
撑腰,0.7178360223770142,24.52286207675934,0.5105008780956268
获胜,0.6548366546630859,10.111893653869629,0.7067102193832397
努力学习,0.41207653284072876,10.923833191394806,0.6381800472736359
高潮,0.40854746103286743,7.247935235500336,0.5923832058906555
下次,0.5892929136753082,22.621705442667007,0.5811956226825714
吐,0.6415161490440369,14.907169193029404,0.512336939573288
抬,0.1685613989830017,7.407000720500946,0.2712891697883606
木板,0.3975154161453247,8.044633984565735,0.3430076241493225
提高质量,0.5858918726444244,12.897885113954544,0.7047058641910553
谁家,0.5944248735904694,17.434151262044907,0.24069499969482422
多用,0.7252258658409119,23.849998205900192,0.6352062821388245
猪肉,0.30032485723495483,7.900564670562744,0.29690778255462646
纸张,0.31882792711257935,11.293129086494446,0.3120107650756836
篇文章,0.4989998936653137,16.14943552017212,0.6714645624160767
虫,0.49042564630508423,11.103738963603973,0.29226887226104736
拉着,0.32457995414733887,10.792123794555664,0.2996686100959778
有空,0.6363721191883087,21.299624294042587,0.566890150308609
个个,0.32048672437667847,9.923538982868195,0.3567407727241516
血,0.31109535694122314,7.1737900376319885,0.3835830092430115
钻进,0.5558023750782013,14.73878487944603,0.4811449646949768
二年,0.6496566236019135,14.840575009584427,0.635378897190094
三点,0.32282376289367676,8.770945966243744,0.5147130191326141
烟,0.5069174468517303,10.619104355573654,0.3659980893135071
矿,0.5088661015033722,9.382570296525955,0.6293980181217194
黑暗,0.17807537317276,7.998333930969238,0.36482805013656616
国内形势,0.6708528995513916,15.782216578722,0.8698088377714157
周恩来,0.3593115210533142,6.652189791202545,0.3172580599784851
最重,0.6162632703781128,21.84223309159279,0.7944100052118301
当家,0.6177871525287628,28.35727372765541,0.7689089626073837
成年,0.6500944793224335,20.428704738616943,0.7739826142787933
侦察,0.3310507535934448,10.363674879074097,0.3026863932609558
谷子,0.44650572538375854,12.307457268238068,0.25494635105133057
忘不了,0.4497458338737488,16.63142716884613,0.5835016965866089
戴着,0.3479991555213928,8.636102855205536,0.35901230573654175
通货膨胀,0.4631417989730835,8.214837551116943,0.3379901051521301
两块,0.62836754322052,15.127850204706192,0.7064847648143768
鼓掌,0.14311844110488892,6.476772367954254,0.3436936140060425
只好,0.21419912576675415,6.91850358247757,0.3042783737182617
业余,0.5563599169254303,7.867938071489334,0.720699816942215
提早,0.6453239619731903,23.674041479825974,0.6566862761974335
微小,0.6999365389347076,30.418752312660217,0.7645454257726669
州长,0.3494124412536621,11.780334115028381,0.33932238817214966
康,0.8507693260908127,25.977303460240364,0.6310844421386719
竟,0.33538001775741577,9.501615345478058,0.7123707234859467
不可避免,0.38390010595321655,10.744446337223053,0.4998317360877991
检阅,0.3646126985549927,9.565082252025604,0.5455164313316345
飞速,0.6221084892749786,23.566025644540787,0.8397214710712433
甲,0.8505114763975143,26.926686972379684,0.9046632647514343
纵容,0.40118926763534546,10.779197096824646,0.5126782655715942
顿时,0.3071342706680298,6.731149256229401,0.4147598147392273
全文如下,0.36145204305648804,9.28619796037674,0.637013852596283
老战士,0.5787449181079865,13.180038183927536,0.41667962074279785
堆积,0.5747940242290497,17.428932696580887,0.6447501182556152
就算,0.5436927676200867,19.339513689279556,0.42145103216171265
神话,0.7489848732948303,14.866428285837173,0.8317839354276657
传遍,0.32446396350860596,11.439946591854095,0.43189066648483276
砸,0.32041269540786743,8.98532885313034,0.2558974623680115
专心,0.7132935225963593,26.363627076148987,0.5331698954105377
器械,0.7000893354415894,14.974529564380646,0.5380435287952423
岸,1.0051194871775806,22.820887460839003,0.4433770179748535
织,0.45941925048828125,16.306039810180664,0.6545216143131256
订购,0.8278681486845016,19.182405665516853,0.5550438165664673
歇,0.5806854367256165,18.31458881497383,0.2693096399307251
第一期,0.49628013372421265,16.065087258815765,0.45741647481918335
本事,0.6359643638134003,18.814500123262405,0.5951469540596008
称之为,0.7215484082698822,26.800261318683624,0.7904950380325317
口气,0.5057018399238586,14.11528593301773,0.39082634449005127
头上,0.21571427583694458,6.6112406849861145,0.1612061858177185
浑身,0.26075732707977295,6.312640607357025,0.3704848885536194
统一指挥,0.6846629977226257,21.117999732494354,0.5512742698192596
罢,0.6421391069889069,16.56171840429306,0.4818512201309204
长途,0.6733578145503998,14.604347378015518,0.5362304449081421
剧烈,0.47817885875701904,11.838764011859894,0.5924139618873596
操,0.6373996734619141,25.87634313106537,0.9122663587331772
打消,0.686557412147522,15.388004064559937,0.689210444688797
有过,0.5616177320480347,13.227487206459045,0.5499898493289948
两季,0.23505306243896484,9.526634752750397,0.2804447412490845
愉快,0.28302496671676636,7.009129583835602,0.3164821267127991
抽出,0.3071821331977844,11.328279316425323,0.5545565783977509
更快,0.6999308168888092,22.21321150660515,0.8492360562086105
揭露,0.28367412090301514,7.484918892383575,0.4273441433906555
各种各样,0.6738350987434387,20.287191689014435,0.684129536151886
商讨,0.693389892578125,21.74210435152054,0.49407094717025757
向外,0.568405956029892,27.18282589316368,0.7137811481952667
安慰,0.44841182231903076,13.674240171909332,0.3579070568084717
遇,0.703676849603653,24.91848024725914,0.6313764750957489
行不通,0.7665799260139465,24.630162954330444,0.5041191279888153
遇事,0.5833477079868317,17.696249395608902,0.5503440201282501
创伤,0.5172936916351318,9.93979161977768,0.39426684379577637
三十,0.6097906231880188,14.541063368320465,0.4679425358772278
伪造,0.7486719787120819,12.541274309158325,0.640199214220047
防卫,0.6553828418254852,21.388824969530106,0.7118507325649261
时要,0.8997112885117531,32.187615267932415,0.7193519175052643
气味,0.6017053425312042,12.261346131563187,0.3928595781326294
已久,0.8545821309089661,29.934720531105995,0.7998881191015244
澄清,0.6122730374336243,18.367639392614365,0.9906063377857208
校舍,0.44895726442337036,7.953890562057495,0.3474953770637512
根子,0.7459520101547241,23.693567216396332,0.864003911614418
两面,0.9602092169225216,23.798591520637274,0.6321955323219299
气魄,0.4918225407600403,12.09218281507492,0.784188374876976
鼓起,0.5705392062664032,19.907909840345383,0.5971642136573792
长寿,0.8610558211803436,24.850385665893555,0.7947588562965393
顺利进行,0.5741586685180664,12.43681401014328,0.561825156211853
忽然,0.20764291286468506,6.659403383731842,0.2450377345085144
抹,0.2747977375984192,9.512888669967651,0.24605536460876465
弥漫,0.34884393215179443,8.815362989902496,0.45767301321029663
一封信,0.3088841438293457,10.105729043483734,0.25701308250427246
人有,0.7869312167167664,30.908625543117523,0.6079451143741608
叔叔,0.5086775422096252,12.849475383758545,0.37329596281051636
失踪,0.6795444190502167,20.72203803062439,0.41307002305984497
数十个,0.7821140438318253,37.518510952591896,0.8191039562225342
换成,0.7691864669322968,22.139820784330368,0.5374381840229034
修理,0.4822259545326233,7.3507150411605835,0.43294984102249146
三月,0.33450937271118164,5.917597472667694,0.5984646379947662
缅,0.8281896114349365,15.90352526307106,0.6289186775684357
动用,0.5835371315479279,15.963747471570969,0.6061866283416748
隔绝,0.8014231771230698,23.620479986071587,0.8637095093727112
扣押,0.6560571491718292,18.1718447804451,0.4723314642906189
有意,0.5644470155239105,20.909689962863922,0.6160025298595428
大有,0.6049275398254395,18.978614658117294,0.7730068415403366
不来,0.702492356300354,25.976665049791336,0.5344332754611969
鬼,0.7442846894264221,22.84847754240036,0.5846694111824036
这本,0.7566712498664856,11.232954740524292,0.612571656703949
冷水,0.37263017892837524,13.582142531871796,0.40159255266189575
编成,0.4528820514678955,17.328270316123962,0.37384742498397827
现成,0.6862800717353821,18.751008957624435,0.6972425580024719
上台,0.5143946409225464,12.623581886291504,0.6056065857410431
毕竟,0.8113075792789459,21.419106900691986,0.7216654717922211
多多,0.749563455581665,35.546718776226044,0.7568612545728683
军官,0.24154561758041382,7.984555423259735,0.2848004698753357
来不及,0.4550529718399048,16.685712218284607,0.45794785022735596
造纸,0.39675313234329224,7.799163043498993,0.28459030389785767
手表,0.4237942695617676,11.170133709907532,0.5340590476989746
遗体,0.5529824793338776,12.602170705795288,0.5146063566207886
时报,0.46153903007507324,9.531173169612885,0.7506898045539856
数十万,0.542948991060257,21.347790271043777,0.6380945444107056
农闲,0.5821543037891388,9.375648140907288,0.427791953086853
数千,0.3341156840324402,13.556977212429047,0.5697547495365143
献身,0.43176937103271484,9.51396518945694,0.28283607959747314
语,0.8007138967514038,23.313439428806305,0.9549318552017212
为重,0.8567898571491241,13.455765098333359,0.6325874626636505
驻扎,0.3415369987487793,11.163042724132538,0.5610170662403107
鞋,0.32437658309936523,8.635607838630676,0.15379440784454346
早晚,0.853487178683281,24.464018151164055,0.6602398455142975
打听,0.5377431511878967,14.438731670379639,0.42676955461502075
天堂,0.8828008770942688,20.511428847908974,0.8885704800486565
极度,0.4808006286621094,15.133407890796661,0.6850153803825378
牵,0.5259918868541718,18.343766003847122,0.510514497756958
厂长,0.43752211332321167,10.04340147972107,0.4985584616661072
从那时起,0.9987456874223426,45.538688279804774,1.0316621772944927
水道,0.70270836353302,19.32684713602066,0.34328126907348633
开口,0.6255882382392883,21.832636177539825,0.5002813041210175
更进一步,0.7666301876306534,32.88476996123791,0.7700934410095215
抛,0.48799794912338257,17.664049327373505,0.5610677599906921
重担,0.6047468781471252,10.250369489192963,0.6637690961360931
贩卖,0.4006686806678772,11.848869025707245,0.5410086214542389
申请书,0.5494107306003571,10.79048976302147,0.5590596497058868
流出,0.467212438583374,12.545199930667877,0.5397640764713287
抱怨,0.8136757761240005,22.291381433606148,0.8686501681804657
路旁,0.39052337408065796,11.017081558704376,0.4368918538093567
当面,0.5361405313014984,20.123616844415665,0.499306857585907
枯竭,0.6718557775020599,14.949418425559998,0.5030780732631683
卸货,0.40532368421554565,19.088506519794464,0.5082879662513733
吃亏,0.6097881495952606,14.231801301240921,0.47706741094589233
物价上涨,0.513927698135376,14.622527360916138,0.5455049574375153
夺,0.7239031791687012,18.288902580738068,0.9252589717507362
夜以继日,0.6856288909912109,19.33668142557144,0.56336510181427
迫切要求,0.7242158949375153,24.455969482660294,0.8520068377256393
突击,0.4767184257507324,13.932142615318298,0.7413733303546906
平房,0.5112573504447937,9.460068047046661,0.3449140191078186
亲眼,0.5020132064819336,17.90872448682785,0.7643337100744247
刮,0.3644462823867798,7.963269591331482,0.4093175530433655
逃避,0.6031045913696289,15.737949967384338,0.52250075340271
解决困难,0.4539371728897095,15.64532721042633,0.35467207431793213
一滴,0.198602557182312,7.228736937046051,0.2479243278503418
帝国主义,0.09158003330230713,3.6759008169174194,0.3654807209968567
风暴,0.6770607829093933,15.176814466714859,0.8631183505058289
事例,0.3873252868652344,7.483753204345703,0.3123917579650879
退伍,0.7365245223045349,14.816585808992386,0.2384580373764038
朗诵,0.44454532861709595,8.865082025527954,0.38104909658432007
想不到,0.6951002478599548,17.705186784267426,0.41583961248397827
依靠群众,0.34670454263687134,8.815493702888489,0.5670385360717773
锦旗,0.31109410524368286,7.483851075172424,0.33016228675842285
不清,0.522043764591217,14.405645936727524,0.5885967016220093
要害,0.6054884195327759,20.11059433221817,0.7374647855758667
没什么,0.6798297762870789,24.137118697166443,0.6462818086147308
大人,0.6330703496932983,13.518296301364899,0.34010398387908936
政委,0.6266486942768097,10.110812455415726,0.4872928857803345
相隔,0.757930263876915,20.849514707922935,0.7042123973369598
屋子,0.3533703684806824,10.899351477622986,0.21759462356567383
纺织品,0.2847933769226074,10.006038784980774,0.35844969749450684
惊人,0.29720330238342285,10.522916615009308,0.4171831011772156
职位,0.49243879318237305,12.044902920722961,0.7713041603565216
战火,0.7506952285766602,13.00740310549736,0.5234436988830566
害虫,0.4134569764137268,10.445155620574951,0.29461491107940674
竞选,0.5648321211338043,12.25969660282135,0.4205651879310608
洗澡,0.5031387209892273,12.581210792064667,0.3267641067504883
就让,0.8110636621713638,24.2687456458807,0.7973325401544571
一回,0.7819380909204483,25.997041761875153,0.3761274814605713
三件,0.45315074920654297,15.486912667751312,0.5562648177146912
听从,0.6029327213764191,17.242586225271225,0.7266869246959686
贝,0.6464986503124237,14.947915583848953,0.7537737637758255
低价,0.5539871156215668,13.512941688299179,0.35695964097976685
垫,0.4611493945121765,12.574653625488281,0.544589102268219
有钱,0.5844068229198456,15.153558284044266,0.3898213505744934
整,0.8307269364595413,34.670415967702866,0.8644875586032867
一跃,0.7281827926635742,20.68362408876419,0.7942284196615219
取得胜利,0.4229702949523926,13.641475260257721,0.49937349557876587
剩,0.5748386085033417,13.328608870506287,0.24356985092163086
胸前,0.2834966778755188,6.567332029342651,0.23007887601852417
忠,0.8835906013846397,27.703686125576496,0.6983811855316162
抛弃,0.48378026485443115,15.997328579425812,0.5698747336864471
一桩,0.4036054015159607,11.199667632579803,0.516248881816864
团员,0.46120375394821167,14.078194081783295,0.6406319439411163
科长,0.6900036633014679,14.57505053281784,0.49893081188201904
自制,0.4321349859237671,13.475137174129486,0.37321001291275024
一节,0.7284023463726044,25.94238966703415,1.0368540212512016
想想,0.39218389987945557,14.582509517669678,0.5881972312927246
门窗,0.2874670624732971,8.618600904941559,0.3317224383354187
保住,0.4522053003311157,18.457025468349457,0.7061695754528046
一有,0.5794580578804016,23.177008748054504,0.5089470744132996
登台,0.5468879640102386,13.512091606855392,0.6216687560081482
富于,0.5539148151874542,10.133376032114029,0.7182241976261139
警报,0.6195566952228546,16.578661799430847,0.44227027893066406
表扬,0.2517838478088379,7.8615588545799255,0.3099067807197571
调集,0.6085196435451508,19.437809646129608,0.5478267073631287
一顿,0.28774070739746094,6.3434465527534485,0.24459367990493774
本子,0.4677667021751404,14.618806064128876,0.2720460891723633
两国间,0.554782897233963,9.233901530504227,0.44648051261901855
避开,0.8039962649345398,30.310640305280685,1.0103233102709055
对联,0.5270047187805176,12.615303039550781,0.3247087001800537
激起,0.22491103410720825,7.117902338504791,0.5763286352157593
日产,0.37769192457199097,10.878298163414001,0.31117498874664307
列举,0.3287818431854248,13.405851602554321,0.4161503314971924
觉悟,0.34543734788894653,10.945737957954407,0.602275937795639
川流不息,0.48654431104660034,16.8447145819664,0.46483564376831055
此事,0.72114497423172,19.24597343802452,0.4985124468803406
柳,0.7631517201662064,23.39353783428669,0.6937349140644073
培植,0.6648208796977997,17.975393384695053,0.7103525996208191
勒,0.583459347486496,16.076298743486404,0.6976572573184967
关头,0.24795573949813843,9.736980855464935,0.44038766622543335
上次,0.6814495921134949,31.367904514074326,0.7283194661140442
两三个,0.5082636475563049,16.927540600299835,0.5769224762916565
慕尼黑,0.9183417186141014,24.533402912318707,0.6806195974349976
兹,0.39453089237213135,11.423717379570007,0.5938364863395691
生动活泼,0.6127472221851349,11.443557113409042,0.7196368873119354
钉子,0.5748588144779205,16.803802400827408,0.5540691614151001
二十五,0.859669879078865,21.219551399350166,0.5813764929771423
长年,0.7779577970504761,23.925736665725708,0.6751013100147247
够,0.5729598701000214,16.45803937315941,0.29875731468200684
清清楚楚,0.6102418601512909,23.776002764701843,0.653977632522583
炎热,0.4158480763435364,9.32933098077774,0.38513070344924927
力图,0.6310576498508453,17.68019700050354,0.7983804047107697
工商业,0.7714765667915344,19.97258621454239,0.6830236315727234
特地,0.8349958509206772,17.1521188467741,0.5605206191539764
借此,0.5415025055408478,21.950091868638992,0.4059034585952759
蓬勃开展,0.5309948921203613,24.12871080636978,0.5046496689319611
盼望,0.3909352421760559,13.806604623794556,0.6793845295906067
监禁,0.31658411026000977,9.725027441978455,0.4090583324432373
法则,0.7307882905006409,21.945816546678543,0.7612747251987457
保全,0.8141891658306122,28.51419098675251,0.8423045724630356
序言,0.555964857339859,14.958087623119354,0.7145948112010956
生死,0.6576365232467651,17.440889954566956,0.5022079050540924
驱逐,0.40875744819641113,14.341671586036682,0.44934695959091187
用手,0.46788954734802246,9.49826067686081,0.26846033334732056
大肆,0.20250290632247925,7.7381739020347595,0.6162866950035095
商人,0.6230117678642273,14.69794899225235,0.4955637454986572
下跌,0.4281919002532959,7.676729738712311,0.2983657121658325
不宜,0.8372143805027008,20.686825275421143,0.5960752665996552
犯,0.3389408588409424,7.164474666118622,0.6407841444015503
姊妹,0.9065743982791901,27.783852577209473,0.6514703333377838
误,0.4332003593444824,15.291460394859314,0.37915241718292236
签名,0.6178737878799438,12.628910839557648,0.38453733921051025
放进,0.514047771692276,15.937893599271774,0.1650913953781128
满脸,0.18365824222564697,7.152804613113403,0.22957736253738403
碰,0.2973848581314087,11.114955961704254,0.29937565326690674
源源,0.5865219235420227,15.684407770633698,0.8307317495346069
摧毁,0.2916429042816162,9.205340206623077,0.40520644187927246
炕,0.23950308561325073,8.85870510339737,0.154687762260437
连长,0.34390711784362793,7.862314939498901,0.36675941944122314
页,0.5034578144550323,9.186540633440018,0.5053951740264893
人到,0.5782681405544281,20.22009766101837,0.60926753282547
同伴,0.6585431098937988,24.955034375190735,0.5997461080551147
修补,0.47355836629867554,18.235417902469635,0.3883870840072632
自我批评,0.20274358987808228,3.808417320251465,0.4057381749153137
右,0.37853389978408813,9.593750178813934,0.3429824709892273
一团,0.6423647701740265,14.038174957036972,0.9559864215552807
桥头,0.7015863060951233,24.454874634742737,0.7539823204278946
常识,0.5886479020118713,14.341993778944016,0.6401924788951874
非常高兴,0.5377016663551331,11.32529765367508,0.5683274269104004
铲,0.3221248984336853,12.855319440364838,0.29279786348342896
心上,0.5264918804168701,10.728788316249847,0.7091218829154968
愈,0.487108051776886,13.144179999828339,0.2437867522239685
衣,0.4212964177131653,13.234115839004517,0.2297542691230774
爱好和平,0.3176490068435669,9.501203775405884,0.4034239649772644
多种多样,0.4512791633605957,16.161661744117737,0.6210699677467346
回想,0.5521045327186584,24.814246654510498,0.43052977323532104
教会,0.7512047290802002,28.374991416931152,0.46347177028656006
旱,0.40210092067718506,8.270416557788849,0.46567219495773315
睡觉,0.22308069467544556,6.832438707351685,0.18090182542800903
歌颂,0.36577171087265015,8.773804783821106,0.4024994969367981
苏联,0.27850914001464844,5.759890139102936,0.5601613521575928
早饭,0.30774539709091187,10.701516151428223,0.2583577632904053
归还,0.46229463815689087,12.71498954296112,0.42536109685897827
分开,0.8746029138565063,18.759768307209015,0.7802060097455978
三角,0.7124843597412109,26.14648523926735,0.7568728029727936
叫做,0.6058962345123291,20.202619433403015,0.8021153062582016
父子,0.6622162759304047,23.74972340464592,0.6856226921081543
三十年,0.6659407019615173,19.76670664548874,0.6608684957027435
城郊,0.6212299168109894,23.76996222138405,0.5952839553356171
过河,0.6396788656711578,22.970966041088104,0.763941764831543
屯,0.48455750942230225,17.279374837875366,0.25220268964767456
就学,0.6726243793964386,19.3618443608284,0.5566771924495697
气概,0.418098509311676,10.196110606193542,0.7423073351383209
马车,0.3024178743362427,9.601007521152496,0.4071134328842163
士气,0.2960141897201538,8.017168700695038,0.2931285500526428
称呼,0.8107666224241257,24.19926218688488,0.5202428102493286
申,0.8632210046052933,31.578049913048744,0.6661638021469116
二十四,0.8620050996541977,17.943678855895996,0.7178494036197662
老汉,0.6237118244171143,15.031980365514755,0.6130358278751373
日用品,0.4956223964691162,10.852129399776459,0.2760768532752991
野蛮,0.3665218949317932,9.256751716136932,0.47104620933532715
四面,0.7028380334377289,14.902173399925232,0.647105872631073
雄伟,0.5107203722000122,8.446509301662445,0.5949595272541046
偏向,0.7459069490432739,23.324258029460907,0.7912601083517075
上作,0.3825901746749878,8.244139194488525,0.6647015810012817
值此,0.5586903393268585,15.025402039289474,0.5857951641082764
扑灭,0.30722588300704956,9.063157379627228,0.4445870518684387
英国政府,0.5067180097103119,19.408876299858093,0.6306811273097992
置,0.9120432287454605,25.69153420627117,0.51579150557518
失望,0.4433562755584717,10.937065064907074,0.3546717166900635
记下,0.6506457626819611,23.85721543431282,0.6087121665477753
外科,0.5715746581554413,8.444164544343948,0.3775753974914551
烤,0.33444881439208984,10.026505649089813,0.2713509798049927
六次,0.8105921745300293,24.964377611875534,0.8831689059734344
两支,0.6080689430236816,15.157603740692139,0.5983489453792572
夜校,0.6256373822689056,13.30704191327095,0.40313243865966797
不下,0.4084188938140869,18.447284996509552,0.5299623012542725
战绩,0.46381157636642456,9.019334614276886,0.6563034355640411
赶制,0.6672884821891785,22.279847651720047,0.40099626779556274
这类,0.8622348606586456,30.14417403936386,0.8745649755001068
胳膊,0.27454864978790283,7.20061194896698,0.2161848545074463
淹没,0.22463083267211914,9.179918706417084,0.327470600605011
积,0.7355477511882782,16.565834999084473,1.0051433583721519
排斥,0.5046272277832031,16.108258187770844,0.5620589256286621
饿,0.23979389667510986,7.591028571128845,0.3076714873313904
一出,0.7830428183078766,15.336645185947418,0.804802879691124
挽回,0.5908701419830322,12.865063101053238,0.8135543614625931
悄悄,0.7739152610301971,18.684338182210922,0.4829769730567932
披上,0.3698456883430481,10.333345115184784,0.5296540856361389
军舰,0.2312476634979248,7.659838497638702,0.23317039012908936
做些,0.5630196630954742,17.86908522248268,0.661585122346878
年终,0.6430628299713135,15.479853123426437,0.7573841661214828
勇士,0.5922855138778687,17.641769260168076,0.49614375829696655
虫害,0.4689517021179199,11.482322633266449,0.27981287240982056
无力,0.6341564953327179,16.89269843697548,0.4945233464241028
两点,0.41600221395492554,14.666099667549133,0.7394342124462128
射,0.6361264884471893,19.78430673480034,0.7013014256954193
保管,0.40208590030670166,10.152615487575531,0.5356559455394745
哨兵,0.7142883837223053,23.03108388185501,0.47843819856643677
结实,0.41622304916381836,13.383884608745575,0.31758177280426025
一队,0.4395754933357239,15.452960312366486,0.3732109069824219
柴,0.8528847098350525,18.633158653974533,0.6319823265075684
前去,0.36451053619384766,11.048977255821228,0.4419105052947998
人民党,0.6025151610374451,13.534840881824493,0.5022509396076202
沸腾,0.39163821935653687,11.19863224029541,0.23566091060638428
首府,0.39678436517715454,7.6355299949646,0.4967036843299866
新华书店,0.34948569536209106,9.783199548721313,0.42834293842315674
刨,0.23320579528808594,8.414929389953613,0.2520684003829956
人民解放军,0.420132577419281,9.28471827507019,0.5581881403923035
指责,0.28593695163726807,7.0570215582847595,0.3681982755661011
十月,0.4786965250968933,7.658611059188843,0.459560751914978
半点,0.6758800148963928,15.817060619592667,0.7771937996149063
买来,0.5761425197124481,14.19508969783783,0.5362583100795746
莱,0.6398004293441772,17.57925671339035,0.669012725353241
幻想,0.5710783898830414,13.794919580221176,0.6526176631450653
轰炸,0.4173619747161865,9.927979230880737,0.42210131883621216
党的政策,0.6850191354751587,15.923134088516235,0.8297271132469177
影子,0.6057621240615845,22.90104243159294,0.5306374132633209
把手,0.5308881402015686,15.107563197612762,0.5588658154010773
赞美,0.7271372973918915,17.994601547718048,0.7575544565916061
联合行动,0.7583777904510498,23.471104472875595,0.9690747056156397
间谍,0.6089758276939392,19.165050745010376,0.5203489661216736
救出,0.46154963970184326,15.345017194747925,0.4302997589111328
松花江,0.4913807511329651,14.544278800487518,0.42574745416641235
发表意见,0.5462712943553925,20.59688314795494,0.5010258257389069
鲜血,0.19958758354187012,4.761774003505707,0.29290181398391724
相距,0.651286780834198,10.36126333475113,0.2761825919151306
恰当,0.5001938045024872,15.703003853559494,0.54024538397789
窃取,0.6522926390171051,19.357792109251022,0.5962054133415222
十多年,0.5804814398288727,19.866156429052353,0.534215897321701
刚才,0.5258752703666687,19.054950714111328,0.5184102952480316
喜讯,0.710746705532074,12.169523298740387,0.6716747879981995
八路军,0.30427491664886475,7.793173253536224,0.6475024819374084
展览会,0.34493815898895264,7.572037696838379,0.6654682457447052
忽略,0.7863311320543289,22.54017762839794,0.4978298544883728
地委,0.6397537887096405,6.518168359994888,0.43226712942123413
全套,0.6143692433834076,21.115189135074615,0.5304325819015503
温,0.7473614811897278,31.37966763973236,0.7124398648738861
海南岛,0.6418450176715851,17.552016884088516,0.844228595495224
黑板,0.4943516254425049,12.83841860294342,0.7132204473018646
教给,0.5051042139530182,21.439985662698746,0.45942991971969604
绳子,0.3514043092727661,7.882815062999725,0.20640671253204346
喝水,0.5322149395942688,18.182381868362427,0.2546812891960144
老虎,0.49621713161468506,15.714552819728851,0.5616444647312164
特别强调,0.8273024260997772,32.452480524778366,0.748125821352005
相反,0.4248078465461731,11.84684282541275,0.5037875771522522
半夜,0.26684778928756714,11.55245816707611,0.23813021183013916
值得注意,0.9829134345054626,20.772723525762558,0.6027986109256744
大娘,0.34137028455734253,10.57994931936264,0.17112040519714355
献出,0.2671474814414978,6.12597519159317,0.9513364024460316
旱地,0.24482333660125732,8.00311130285263,0.3304173946380615
改成,0.6536013782024384,21.631275415420532,0.5469540953636169
说服,0.364776074886322,12.214243113994598,0.6110147833824158
本是,0.9674207456409931,36.51759024336934,0.693438708782196
剥削,0.20907455682754517,5.526735246181488,0.37945234775543213
边上,0.6442412436008453,18.548757523298264,0.334708571434021
割,0.4069105386734009,11.80425226688385,0.30194276571273804
她家,0.6522064208984375,21.7845596075058,0.661797285079956
优点,0.3141379952430725,11.772988080978394,0.8129957914352417
嘴里,0.4032672047615051,9.13402658700943,0.22385388612747192
虚伪,0.4034959673881531,15.02800339460373,0.44423145055770874
果敢,0.542750746011734,21.69035968184471,0.5464392304420471
黑人,0.3405645489692688,9.45172244310379,0.41692882776260376
要说,0.5509772896766663,21.898138970136642,0.5091338455677032
帽,0.5924149453639984,14.498215913772583,0.34562772512435913
蓄意,0.36399734020233154,12.813629269599915,0.389806866645813
写给,0.6871630549430847,14.311122000217438,0.37081605195999146
口头,0.7467767000198364,23.991743355989456,0.5170626640319824
乡下,0.6810331046581268,21.058172315359116,0.3990163803100586
对岸,0.554936558008194,15.522991508245468,0.3337666392326355
高悬,0.40804314613342285,11.904590845108032,0.4375712275505066
精通,0.5792494714260101,13.363864332437515,0.6248075664043427
融洽,0.5647384226322174,11.65890285372734,0.26617926359176636
发到,0.6517761945724487,22.720996916294098,0.7156600058078766
真实情况,0.7473496794700623,23.85990196466446,0.6675161421298981
翻身,0.5992002487182617,16.245639979839325,0.8039458692073822
工人运动,0.6307672560214996,18.85171750187874,0.7501098215579987
脱离群众,0.23678427934646606,7.099070072174072,0.4364928603172302
教导,0.5959305763244629,14.799015820026398,0.8181837648153305
二十二,0.8937356248497963,23.65790993720293,0.5131628811359406
拨,0.4377111792564392,10.950724840164185,0.7038386464118958
欺骗,0.155076801776886,6.108622908592224,0.3392904996871948
绳索,0.6278254389762878,15.773550420999527,0.42130059003829956
一连串,0.6274233758449554,25.15732491016388,0.7608689814805984
革命战争,0.5243406295776367,9.405602395534515,0.7706687599420547
第十二,0.6452322900295258,28.86227199435234,0.5664637386798859
庆,0.8981048539280891,25.40145369619131,0.3817439675331116
马力,0.4598293900489807,12.083887159824371,0.3233490586280823
受害,0.8411595374345779,23.566180154681206,0.739982932806015
注视,0.2856273651123047,7.208114981651306,0.5089748501777649
妹妹,0.27196168899536133,9.71871030330658,0.3225741386413574
住所,0.6902020871639252,24.446026235818863,0.8077973276376724
做过,0.5585476160049438,18.599673837423325,0.6476100981235504
追随,0.9067242741584778,22.68649186193943,0.5533222854137421
生气,0.39219117164611816,13.862865090370178,0.6210968792438507
少有,0.741910994052887,23.384228855371475,0.9693858344107866
发了,0.6545279622077942,14.722989290952682,0.7761383205652237
领导者,0.6111403703689575,18.44310513138771,0.5564690828323364
维尔,0.6365742385387421,12.886652916669846,0.31145381927490234
一文,0.669971764087677,14.110100835561752,0.42487674951553345
恰好,0.870714083313942,44.26868437230587,0.7714750021696091
以北,0.304182767868042,8.989073634147644,0.32904624938964844
一周年,0.5532493591308594,21.735646039247513,0.5325565338134766
同盟,0.6181082725524902,15.274628788232803,0.7899486869573593
掏,0.44775688648223877,13.394098818302155,0.4687380790710449
崇敬,0.5685105621814728,8.27333578467369,0.5978096425533295
六一,0.8070643693208694,13.324177965521812,0.8441784083843231
蒙古,0.5950796902179718,10.452084451913834,0.577939361333847
宫,1.0494682490825653,23.645591337233782,0.5662944912910461
监视,0.33656519651412964,10.856592237949371,0.4744528532028198
完全正确,0.8234085589647293,19.950364097952843,0.6460050940513611
悲剧,0.5771869719028473,13.684672236442566,0.5688343644142151
换取,0.40796804428100586,14.676720142364502,0.7074736952781677
灵,0.8583883941173553,28.89780004322529,0.8705505430698395
好办,0.5947545766830444,19.98497149348259,0.6706968247890472
踏着,0.43173736333847046,10.850052535533905,0.6485373973846436
躲,0.19372296333312988,10.436762928962708,0.18537449836730957
俩,0.657884955406189,23.209279000759125,0.31274956464767456
表示满意,0.8215716630220413,19.516709551215172,0.7746396958827972
花样,0.628622978925705,18.1904955804348,0.6309172511100769
尖锐,0.36614561080932617,6.3029152154922485,0.4143890142440796
挖出,0.5647672116756439,15.755191892385483,0.533182680606842
战时,0.613235741853714,24.633179306983948,0.7763094156980515
莫大,0.47870874404907227,15.167908787727356,0.485282838344574
开端,0.7575562596321106,19.250698685646057,0.8244369328022003
签,0.47700464725494385,9.589501142501831,0.5509231090545654
落入,0.5357236266136169,19.42225080728531,0.5633894503116608
曼,0.4876687526702881,10.471967875957489,0.5902720987796783
燃起,0.4727591872215271,10.548759162425995,0.3422126770019531
势必,0.7484403848648071,15.795367628335953,0.6812678277492523
世界市场,0.5869989097118378,21.693809509277344,0.7260408699512482
唱起,0.8185320198535919,9.53144770860672,0.5062631368637085
载重,0.4756336212158203,11.635610580444336,0.503651350736618
兽医,0.5709252059459686,10.534645825624466,0.7971005439758301
蛋,0.47186654806137085,10.036292016506195,0.6316438913345337
重病,0.4521225094795227,10.13524979352951,0.6385239958763123
恐惧,0.4333733320236206,13.92723435163498,0.39671868085861206
二十三,0.6384773254394531,21.242232024669647,0.6946824491024017
各处,0.7520621418952942,32.327804297208786,0.4645015001296997
和县,0.6191995441913605,13.96665695309639,0.699185311794281
埋藏,0.48993170261383057,18.997249364852905,0.7416326403617859
这时候,0.6495659053325653,25.177755653858185,0.46472764015197754
百亩,0.2701534628868103,10.603636920452118,0.5660416483879089
哈尔,0.5743872821331024,16.773333430290222,0.6389957964420319
锣鼓,0.38423413038253784,8.977495729923248,0.27522778511047363
疙瘩,0.4005446434020996,14.490943968296051,0.482727587223053
一脚,0.3930591940879822,10.307066977024078,0.5078428089618683
来得,0.6040103733539581,18.309588819742203,0.5129532814025879
沉痛,0.5897698402404785,11.641765117645264,0.5113205313682556
缝,0.3023248314857483,11.018103659152985,0.5118818283081055
扣,0.46130871772766113,18.089414715766907,0.606701672077179
责任心,0.35540902614593506,10.251220703125,0.5786022245883942
可惜,0.7351530194282532,16.83187022805214,0.45245522260665894
挤满,0.35978448390960693,9.608926594257355,0.27823197841644287
主意,0.30006277561187744,7.012848973274231,0.37597763538360596
一班,0.42099428176879883,16.303730010986328,0.4309704303741455
英雄气概,0.4566856622695923,9.109461486339569,0.5581085085868835
诸如,0.8775601610541344,34.575231812894344,0.9480793476104736
逮捕,0.27438074350357056,5.937289535999298,0.23176658153533936
袭,0.6898360252380371,16.598588436841965,0.7610356211662292
国防部,0.4499428868293762,9.728894054889679,0.4203333854675293
进行曲,0.36336058378219604,8.80011260509491,0.22773301601409912
每人每年,0.5191847383975983,16.523932188749313,0.5764108300209045
腐蚀,0.7391174733638763,13.091216564178467,0.7846608012914658
摔,0.43990427255630493,10.711213946342468,0.23812496662139893
奖状,0.4034164547920227,9.969144463539124,0.3732588291168213
使节,0.3585389256477356,9.202299952507019,0.5076387822628021
闹,0.4821441173553467,11.76768547296524,0.315446674823761
南美,0.8312851637601852,22.85823793709278,0.6137175559997559
有史以来,0.759861022233963,21.436966508626938,0.5722911357879639
吸取,0.49483150243759155,7.410308241844177,0.6906134188175201
耳,0.585119754076004,26.466887921094894,0.7896045297384262
议事日程,0.4439019560813904,8.782774150371552,0.8193986713886261
必有,0.7674496322870255,34.02830608189106,0.6835208237171173
坚决拥护,0.9180872812867165,23.8083663508296,0.6941012740135193
冒雨,0.37969398498535156,15.045827507972717,0.38604462146759033
军装,0.27666258811950684,6.802586913108826,0.24609196186065674
笼罩,0.38818448781967163,11.252100646495819,0.5147413313388824
这群,0.7505117058753967,27.68437308073044,0.5623907744884491
战后,0.4875035285949707,12.574516713619232,0.6008040308952332
骨头,0.2738165259361267,11.967758178710938,0.36783158779144287
锅,0.3382442593574524,9.341819703578949,0.13393700122833252
移,0.6981119811534882,25.790762662887573,0.9035414084792137
罗马尼亚,0.24148458242416382,7.997861325740814,0.35542941093444824
炼钢,0.6097492277622223,9.086330085992813,0.8347713053226471
醒来,0.438559889793396,15.381051480770111,0.3970291018486023
盗窃,0.5658116936683655,12.147320657968521,0.4807353615760803
经验教训,0.5559024512767792,7.140659123659134,0.6995028555393219
妄图,0.4410891532897949,10.628935992717743,0.33422762155532837
水里,0.303893506526947,10.913751423358917,0.34478265047073364
三位,0.5543293058872223,22.736504465341568,0.47777825593948364
臭,0.3428207039833069,12.16006463766098,0.5319557189941406
运费,0.5238271057605743,13.443518847227097,0.38196808099746704
某种,0.48387783765792847,12.484491288661957,0.6190734207630157
诉说,0.70863938331604,18.98108622431755,0.6251749992370605
冲出,0.5691005885601044,19.012560933828354,0.3765730857849121
本月,0.4729512333869934,8.72394847869873,0.6518373489379883
肚子,0.28495627641677856,9.115310847759247,0.2571754455566406
跃进,0.8702255636453629,32.16758881509304,0.7095017433166504
美英,0.8560463190078735,27.650811687111855,0.7056322991847992
三道,0.6558383107185364,23.730633050203323,0.5000061392784119
命,0.4953678250312805,17.78812140226364,0.27698642015457153
三面,0.5903427004814148,18.234533339738846,0.5023984313011169
割裂,0.6425629556179047,14.508761376142502,0.7952727228403091
空运,0.5625052154064178,20.827153235673904,0.5354652106761932
地问,0.4362531304359436,9.720367014408112,0.5302536487579346
震惊,0.5327902436256409,13.938952684402466,0.6565466225147247
花圈,0.2736077308654785,4.020715534687042,0.2634815573692322
捕获,0.6678296625614166,18.896010994911194,0.8257726281881332
撞,0.49690377712249756,12.373995065689087,0.4043393135070801
前头,0.6176451146602631,16.557628601789474,0.7205632328987122
汇合,0.7976309359073639,27.13268992304802,0.7916609793901443
一两个,0.6368729174137115,21.762652963399887,0.5417795181274414
充当,0.3717241883277893,11.26324862241745,0.48821550607681274
生怕,0.674865186214447,25.07769611477852,0.6167043447494507
转业,0.5695525705814362,13.44287160038948,0.7120773196220398
应付,0.3749324679374695,11.095538794994354,0.43406587839126587
无条件,0.6482973694801331,15.097770869731903,0.4344360828399658
华沙,0.36594659090042114,11.907718539237976,0.8286214917898178
老干部,0.4939277172088623,13.194061636924744,0.6547690331935883
输血,0.6086491048336029,16.602285772562027,0.7261024117469788
物质条件,0.7421775162220001,24.033834993839264,1.0255832467228174
保守,0.8287253379821777,17.160104870796204,0.5194411277770996
慎重,0.6077050864696503,14.930763334035873,0.6224400401115417
邢,0.7792014926671982,31.24605070054531,0.7550725191831589
民房,0.48606252670288086,12.028886616230011,0.2897423505783081
河里,0.33529961109161377,10.185950696468353,0.219193696975708
军事力量,0.6499764621257782,14.371797353029251,0.7072947025299072
绳,0.5419101417064667,18.323790580034256,0.5239882469177246
为题,0.48454922437667847,17.875741720199585,0.728044182062149
无处,0.6016710996627808,24.169866293668747,0.569864422082901
必需,0.46579545736312866,17.542591750621796,0.6070106029510498
递给,0.6149487495422363,16.140437304973602,0.2882048487663269
声誉,0.8122173398733139,15.64552254974842,0.5981080830097198
废墟,0.48988789319992065,12.29188984632492,0.6772080361843109
款项,0.29617220163345337,9.49754536151886,0.29806387424468994
火力,0.6220918595790863,14.988273173570633,0.3349066972732544
其他人,0.9408593662083149,34.056292459368706,0.6249638497829437
献,0.7456335127353668,8.680741012096405,0.7647078633308411
深受感动,0.6543120443820953,23.5059897005558,0.7814398109912872
切,0.7408543825149536,30.751823604106903,0.749749481678009
动向,0.7890153378248215,24.504358649253845,0.5692340433597565
侵略者,0.19025230407714844,5.8505061864852905,0.3457012176513672
十几,0.7243215143680573,26.280498385429382,0.8707653284072876
丢掉,0.6551944315433502,16.024520367383957,0.6205071210861206
许许多多,0.777802437543869,24.101753890514374,0.6760445237159729
好好学习,0.6146797239780426,15.885653048753738,0.4483379125595093
慷慨,0.6734362542629242,18.913121312856674,0.5763325989246368
小国,0.5803229510784149,18.662641674280167,0.9615210965275764
时有,0.8296918421983719,42.95116452872753,0.7509349882602692
深入细致,0.5772668123245239,17.134137213230133,0.6146539747714996
曾一度,0.8297329396009445,30.146697476506233,0.7143149971961975
休息时间,0.5496132969856262,12.392572164535522,0.6421939134597778
毛主席,0.49009275436401367,7.676230549812317,0.44697707891464233
参军,0.3304636478424072,12.181610107421875,0.3411164879798889
耕,0.6318811476230621,19.89175620675087,0.5856636762619019
各县,0.38731449842453003,9.158787429332733,0.4102674722671509
搞起,0.9203286245465279,28.373964555561543,0.7463403344154358
前年,0.6773219108581543,15.166086196899414,0.4525550603866577
打来,0.6130277812480927,19.287424087524414,0.7127041518688202
广为,0.6315761804580688,20.454155772924423,0.6710822880268097
参谋,0.5854709148406982,14.76580262184143,0.2611791491508484
泉,0.8750915974378586,25.340964660048485,0.617979496717453
五金,0.5434151589870453,15.331403285264969,0.5396937131881714
步步,0.6144488155841827,21.546250730752945,0.6836531162261963
一整天,0.6851004660129547,29.785962730646133,0.5454228818416595
残酷,0.22860121726989746,5.187836170196533,0.28634148836135864
远东,0.47658687829971313,17.60071176290512,0.7956830710172653
新老,0.8848909512162209,27.71299786120653,0.9494305029511452
注意力,0.6816652417182922,15.369917809963226,0.6790097951889038
图画,0.4634326100349426,10.308752596378326,0.3576747179031372
两手,0.36709892749786377,9.407246828079224,0.35539019107818604
兔子,0.7008279263973236,22.043504297733307,0.7849324345588684
熬,0.3451593518257141,11.661027669906616,0.25212806463241577
大夫,0.522053599357605,10.354295790195465,0.5719054341316223
跌倒,0.44310253858566284,18.450308978557587,0.6483605206012726
踏,0.4472771883010864,18.091442584991455,0.7173326313495636
共和,0.8484773486852646,19.31845958530903,0.48864901065826416
迎面,0.534917950630188,13.420696198940277,0.5509936511516571
分会,0.5533062517642975,11.026436358690262,0.4899774193763733
国营,0.5701376795768738,14.321986973285675,0.7232802510261536
截止,0.47012507915496826,15.587282359600067,0.7736078053712845
心目,0.5120568573474884,10.5786472260952,0.4337868094444275
堵住,0.45895445346832275,12.244756877422333,0.5525669157505035
征服,0.3534243702888489,14.649842977523804,0.7674570977687836
威信,0.34842026233673096,9.402680039405823,0.610212653875351
慌,0.5823438167572021,21.872120589017868,0.5137094259262085
一月,0.552393764257431,9.627343744039536,0.6915537714958191
嗓子,0.4292762875556946,11.23620468378067,0.2640589475631714
长短,0.6533506214618683,18.590557724237442,0.7166919410228729
分不开,0.6903361082077026,24.21776834130287,0.8134034723043442
伸手,0.5068653225898743,15.100082814693451,0.3494260311126709
多余,0.6329832077026367,23.625328689813614,0.6037880778312683
二十年,0.6278907954692841,17.49108025431633,0.6414893269538879
看作,0.5596631765365601,15.795878231525421,0.5953821837902069
堡,0.5762900412082672,22.82037779688835,0.2839204668998718
坦,0.8250942677259445,23.05223821103573,0.32971107959747314
伤口,0.20099931955337524,6.474337339401245,0.15074467658996582
弹,0.5266220569610596,17.431743919849396,0.6990384161472321
制服,0.5737038552761078,13.025747805833817,0.18385231494903564
晴天,0.5478546023368835,13.411090075969696,0.8356364369392395
挥动,0.37087875604629517,9.615839302539825,0.3219043016433716
炸,0.42313867807388306,16.461507737636566,0.6849574446678162
不起,0.8637458384037018,22.471507981419563,0.44286829233169556
可怕,0.3238146901130676,10.628116369247437,0.4715156555175781
当兵,0.879354938864708,17.687312319874763,0.3881916403770447
自下而上,0.5415517389774323,22.851688027381897,0.4650697708129883
办到,0.6070300340652466,17.441205084323883,0.7156221270561218
疼,0.4631078839302063,10.574907779693604,0.4471437931060791
分头,0.4890117049217224,18.938291907310486,0.411241352558136
喘,0.2904530167579651,6.861716628074646,0.2880370020866394
厉害,0.6465158760547638,12.176705151796341,0.4958406686782837
谈谈,0.5188963115215302,15.267403274774551,0.4966444969177246
绑,0.41013944149017334,13.051670968532562,0.34806185960769653
拳头,0.37524187564849854,11.890522181987762,0.38618987798690796
出产,0.6218860745429993,14.13810196518898,0.5557408928871155
三分之一,0.6495607793331146,16.21151602268219,0.4549412131309509
增援,0.45334935188293457,16.044600665569305,0.3900703191757202
却说,0.5904043018817902,22.475010186433792,0.6235399842262268
敬礼,0.5901261568069458,15.497746586799622,0.38633960485458374
焦急,0.5390914082527161,12.747459769248962,0.45849335193634033
山沟,0.4471917152404785,11.45128047466278,0.40897440910339355
商谈,0.6006830632686615,17.214183807373047,0.6557694673538208
课本,0.3665710687637329,11.723852336406708,0.4123547673225403
宣传员,0.8687577545642853,19.801320791244507,0.8114502280950546
不说,0.6418874561786652,24.267381608486176,0.5002062618732452
几条,0.6064137816429138,20.245599329471588,0.8803611919283867
根深蒂固,0.7254886031150818,21.75608178973198,0.7076850533485413
杂粮,0.372607946395874,10.805658996105194,0.411740779876709
二十八,0.6448132693767548,20.196107029914856,0.5924225449562073
充分准备,0.4840163588523865,18.067484140396118,0.6623042821884155
九个,0.7833060026168823,21.75486570596695,0.821340799331665
房里,0.5092847943305969,15.513556361198425,0.3550240993499756
翻过,0.43522584438323975,14.460919678211212,0.36002039909362793
带走,0.7752861827611923,30.716260597109795,0.7226442098617554
搬出,0.7871766537427902,29.381511226296425,0.5057729780673981
比起,0.6470939218997955,31.713680148124695,0.7063996493816376
好似,0.7820151597261429,22.118004009127617,0.7310781180858612
谨向,0.44902026653289795,15.94379198551178,0.45669686794281006
摇头,0.5816859900951385,17.307607263326645,0.4459141492843628
五点,0.796008974313736,16.202224493026733,0.586641937494278
不足以,0.6127355098724365,26.018284887075424,0.6239583790302277
不合,0.5820704996585846,21.905023157596588,0.49465233087539673
停下来,0.6351547837257385,23.547532588243484,0.47447824478149414
兵力,0.28045815229415894,7.506526708602905,0.48166483640670776
荒芜,0.31354570388793945,10.887133836746216,0.30994242429733276
暗,0.7102416157722473,28.913464069366455,0.6847109198570251
勤俭,0.7399906516075134,12.985225856304169,0.6806662678718567
罪犯,0.6871769428253174,12.006428450345993,0.3320505619049072
轮船,0.4543401598930359,10.666525781154633,0.23633283376693726
全城,0.5954427421092987,22.97873279452324,0.5975736081600189
压迫,0.15874475240707397,4.351315379142761,0.2628335952758789
样样,0.5809513628482819,17.403024286031723,0.7001059949398041
赶回,0.5013578534126282,14.684421181678772,0.6046106815338135
恐怖,0.2759858965873718,8.993922233581543,0.4223233461380005
列强,0.5267848074436188,12.054113209247589,0.5517272055149078
欢庆,0.3685903549194336,9.468369543552399,0.4690706133842468
做梦,0.5431415438652039,15.292424857616425,0.3848126530647278
堆满,0.5040809214115143,13.894528955221176,0.3662440776824951
渡口,0.5818438827991486,21.846534341573715,0.4081742763519287
极力,0.3648703694343567,14.73894989490509,0.5173773765563965
心意,0.6922273933887482,19.90984398126602,0.7276328802108765
虚心,0.23978227376937866,8.305939257144928,0.4345378875732422
明知,0.7827064096927643,24.890753984451294,0.6281901001930237
内阁,0.25859272480010986,6.078454375267029,0.4034602642059326
向导,0.8103148490190506,35.29673980176449,0.7193928062915802
编辑部,0.4476417899131775,11.014087080955505,0.5767363011837006
收听,0.4178183674812317,11.36374044418335,0.49260860681533813
永,0.7538584321737289,28.854251220822334,0.6959758698940277
德拉,0.32633328437805176,11.290775835514069,0.4298020005226135
七十,0.6808134019374847,15.747522473335266,0.5572505593299866
一个半,0.40155428647994995,13.09696102142334,0.6843585669994354
脖子,0.23577702045440674,8.356087505817413,0.22451674938201904
开荒,0.3052745461463928,8.299001932144165,0.41104406118392944
五条,0.7767195403575897,21.79122307896614,0.4528471827507019
兢兢业业,0.688215047121048,12.3117094039917,0.5030962824821472
霍,0.6983212530612946,22.686340153217316,0.925390362739563
评论家,0.5076782405376434,12.50154533982277,0.5851435363292694
抬起,0.4299853444099426,14.384070932865143,0.3395506739616394
石块,0.3413647413253784,8.320295810699463,0.4649680256843567
脱节,0.6110849380493164,16.27637192606926,0.5347262024879456
仗,0.5979993641376495,18.644200891256332,0.5251029133796692
奴隶,0.5036603808403015,14.654250383377075,0.5095982253551483
逢,0.7032940089702606,23.575555473566055,0.49859869480133057
这篇,0.3089764714241028,6.747302889823914,0.35884881019592285
喜气洋洋,0.5745525062084198,15.382022321224213,0.5551161170005798
汽油,0.3820987343788147,7.654703319072723,0.3550013303756714
废除,0.5830499529838562,11.50828093290329,0.40843361616134644
宣扬,0.6504343152046204,13.099284619092941,0.7189880907535553
第四个,0.7807726711034775,32.038069009780884,0.7629449665546417
甚,0.8705293089151382,22.695256307721138,0.7838699072599411
大火,0.3679521083831787,10.859962105751038,0.43351292610168457
赞扬,0.620949000120163,9.060214698314667,0.43352675437927246
底下,0.5152140259742737,13.58390998840332,0.2953907251358032
高级官员,0.6542086601257324,10.325318217277527,0.46856212615966797
七年,0.6751453578472137,17.9835422039032,0.47938138246536255
四次,0.5758748650550842,17.5069038271904,0.6932873129844666
全家人,0.6237827241420746,21.534914523363113,0.509840577840805
显著成绩,0.20473068952560425,4.448190152645111,0.40072810649871826
未曾,0.7937653362751007,23.526040017604828,0.4645407795906067
辨别,0.7281493544578552,22.109842240810394,0.7090467512607574
信件,0.44085758924484253,10.35829222202301,0.33021777868270874
止,0.6349120438098907,16.764046132564545,0.9286839887499809
垒,0.5137641131877899,14.135972112417221,0.5670601427555084
送行,0.5929799377918243,6.5826396048069,0.3822289705276489
切身,0.40311169624328613,16.786506593227386,0.3647840619087219
附带,0.8544478565454483,29.093394339084625,1.0002467189333402
小学教师,0.6088623106479645,22.203367829322815,0.6738311946392059
长篇,0.37435126304626465,9.399043142795563,0.6926823258399963
这话,0.34583234786987305,10.591297388076782,0.30701959133148193
抽,0.5148904323577881,16.341838836669922,0.5665403604507446
篇幅,0.4844422936439514,10.266044974327087,0.6492129564285278
不安,0.39357656240463257,7.5245866775512695,0.39393478631973267
交流经验,0.48154187202453613,15.23394387960434,0.6674990057945251
踢,0.3887084722518921,10.256837487220764,0.4811175465583801
痛心,0.37119293212890625,9.835114598274231,0.2560175657272339
击败,0.35956329107284546,6.98550945520401,0.7759998738765717
第十一,0.8424442261457443,26.604941621422768,0.6018991470336914
重大损失,0.5294865667819977,10.909333437681198,0.5473521947860718
居然,0.5861357748508453,22.667645663022995,0.8244732320308685
各阶层,0.3082064986228943,8.879202246665955,0.4520171880722046
新编,0.7351453900337219,16.19258749485016,0.7659764736890793
王维,0.6959328055381775,22.223581969738007,0.85397669672966
拖延,0.39431530237197876,12.34462696313858,0.382335364818573
席卷,0.5635307431221008,14.656830549240112,0.8467666953802109
家里人,0.5545001327991486,22.57794079184532,0.44825834035873413
开到,0.5747678875923157,22.141861885786057,0.4308322072029114
新四军,0.41351044178009033,10.22646975517273,0.47875267267227173
无辜,0.28086501359939575,9.205440878868103,0.39126402139663696
压制,0.47564297914505005,17.706791758537292,0.7074254155158997
不慎,0.5874431133270264,14.696686834096909,0.35924822092056274
挥,0.4472411274909973,17.204935669898987,0.29941439628601074
数十,0.6609900295734406,22.335221618413925,0.537009209394455
冒险,0.6408793926239014,17.70666792988777,0.7614010870456696
五项,0.8892021477222443,23.79812401533127,0.6891853213310242
挡,0.5977635383605957,18.467896819114685,0.6339273154735565
棉,0.3526378870010376,10.276818633079529,0.27382028102874756
抬高,0.6360346674919128,17.27247530221939,0.5894443094730377
敌,0.43432873487472534,12.529703378677368,0.2951493263244629
遗志,0.31730329990386963,11.727620244026184,0.3573462963104248
工兵,0.6185803711414337,17.00359344482422,0.32686805725097656
太大,0.7479008734226227,26.27117571234703,0.6054162979125977
助长,0.46868443489074707,12.424423396587372,0.5247910618782043
骨,0.7241162955760956,17.112637549638748,0.5996341407299042
不受,0.6410464942455292,22.65223017334938,0.5020571649074554
觉,0.1500030755996704,5.25990754365921,0.18315201997756958
冻得,0.24528980255126953,7.34300023317337,0.31837010383605957
再三,0.41535335779190063,13.331433951854706,0.38154923915863037
某地,0.8502286672592163,26.383221864700317,0.7271089255809784
新德里,0.44874852895736694,11.337245404720306,0.8903288468718529
包袱,0.40776950120925903,8.72455483675003,0.35944586992263794
千斤,0.5924647152423859,12.547861695289612,0.49777787923812866
几十,0.6929698288440704,21.78929889202118,0.651496171951294
吃不饱,0.44474732875823975,15.522438824176788,0.2844693660736084
论调,0.47582554817199707,14.825504183769226,0.49216002225875854
吃饱,0.4620286226272583,13.085249900817871,0.20913106203079224
娘,0.5817890763282776,21.77454462647438,0.49039316177368164
平地,0.6727160513401031,17.82233902812004,0.5767544806003571
原定,0.46381324529647827,12.852656304836273,0.6522543430328369
有意识,0.8133172541856766,37.187820330262184,0.6407881677150726
着想,0.43705224990844727,12.430972456932068,0.43981194496154785
无关,0.7704140543937683,27.825366288423538,0.7953915745019913
克拉,0.5675399601459503,17.66574341058731,0.4326256513595581
齐声,0.3727197051048279,14.427948772907257,0.29867446422576904
两艘,0.19657188653945923,7.0739845633506775,0.18933212757110596
积压,0.4988342523574829,12.24357122182846,0.6230404376983643
可歌可泣,0.27908211946487427,8.975206077098846,0.2756747007369995
困难重重,0.808351531624794,33.81159231066704,0.8690396249294281
弹药,0.3666629195213318,8.887019574642181,0.34949028491973877
新式,0.43981581926345825,13.53299194574356,0.510960042476654
水桶,0.4414942264556885,15.023250699043274,0.5047704875469208
再有,0.8410987854003906,34.5260891020298,0.6605506241321564
捞,0.42368894815444946,14.50375646352768,0.465101420879364
简直,0.4255359172821045,12.510543704032898,0.5052721500396729
湿透,0.3118574023246765,6.044411778450012,0.39516663551330566
二十六,0.6938524842262268,21.017563551664352,0.6221283078193665
谋生,0.6398120820522308,19.356722682714462,0.44332194328308105
政治部,0.3389016389846802,6.1792139410972595,0.23928165435791016
山口,0.9243403896689415,26.51526429504156,0.7360116839408875
危险性,0.602481484413147,20.284654438495636,0.6286188960075378
死刑,0.30830174684524536,6.889671146869659,0.24576550722122192
崩溃,0.5363430678844452,10.448422819375992,0.4478195309638977
鼻子,0.3819926381111145,10.413373112678528,0.20682799816131592
碰上,0.7912081629037857,20.93734048306942,0.42500174045562744
功绩,0.40151548385620117,12.031664848327637,0.344651997089386
功臣,0.5613527894020081,17.681626856327057,0.6937465071678162
除去,0.8296137899160385,27.412689551711082,0.5195550918579102
半月,0.5604335367679596,15.514231473207474,0.5696187317371368
拔,0.5138999819755554,20.292911410331726,0.22755277156829834
炸弹,0.1897900104522705,5.860306978225708,0.28719133138656616
鼓吹,0.5786117613315582,12.774481326341629,0.6212462782859802
象,0.869894802570343,26.683170169591904,0.6524417698383331
克里,0.6548369526863098,22.309746205806732,0.4807637929916382
打成一片,0.4330796003341675,15.995147824287415,0.3843545913696289
拟定,0.6760874390602112,21.789182543754578,0.5153473317623138
工会组织,0.7489566802978516,19.2738616168499,0.7306919693946838
顺手,0.4477711319923401,17.769997358322144,0.3241012692451477
轻易,0.36156219244003296,11.091709554195404,0.43239742517471313
架子,0.6931807994842529,17.172407150268555,0.7422353029251099
震动,0.3837524652481079,10.51429033279419,0.49157094955444336
一听,0.5149312019348145,19.20134025812149,0.7677040100097656
说完,0.2740170955657959,12.148635864257812,0.2872418761253357
修筑,0.2976776957511902,9.073004007339478,0.31088417768478394
农忙,0.22288525104522705,8.951512575149536,0.24631267786026
总要,0.8200930804014206,21.48548214137554,0.4557778239250183
高明,0.7536255717277527,24.473064750432968,0.9089739099144936
手枪,0.4760153293609619,10.656440794467926,0.4175361394882202
没人,0.6033161580562592,19.071149975061417,0.27894604206085205
打起,0.5680265724658966,24.612094193696976,0.6488599181175232
深信,0.6536248624324799,20.9062117934227,0.6281214952468872
另据,0.41892796754837036,10.916061699390411,0.5416295230388641
阵线,0.5165698826313019,12.034602552652359,0.3769233226776123
披,0.27319055795669556,9.86263793706894,0.22359037399291992
展开讨论,0.6655011177062988,25.1049342751503,0.7431095242500305
篮子,0.515784353017807,17.788413614034653,0.3565269708633423
全团,0.6328726708889008,26.04500311613083,0.6739202439785004
鼓动,0.601278156042099,25.871283292770386,0.8508842587471008
深渊,0.31885606050491333,12.453094482421875,0.4680289030075073
单靠,0.7394355535507202,29.140099436044693,0.8005564510822296
毫无疑问,0.7681289911270142,37.84981147944927,0.9963500089943409
半殖民地,0.2732190489768982,4.081973075866699,0.4366301894187927
电台,0.30547934770584106,6.413396835327148,0.4926515221595764
铁轨,0.4122699499130249,16.33869844675064,0.4285234212875366
拿来,0.44041305780410767,18.971890151500702,0.24877768754959106
恐怕,0.6695491969585419,15.938270270824432,0.6154550015926361
开除,0.6921732425689697,13.56764131784439,0.43854081630706787
利亚,0.5314684510231018,17.856213867664337,0.546373724937439
庇护,0.6525520384311676,22.395133286714554,0.8039749711751938
军医,0.8093302547931671,24.101035684347153,0.6001526415348053
无权,0.6943614184856415,17.25952959060669,0.6612199544906616
六年,0.6732451319694519,18.300314843654633,0.5625082552433014
内战,0.6951615214347839,11.051210165023804,0.520419180393219
放手,0.4999117851257324,15.562097132205963,0.5502778589725494
接管,0.6459722518920898,22.021996796131134,0.5531846284866333
向来,0.8972665145993233,37.57813834398985,0.6553303301334381
衰落,0.40885740518569946,19.12787914276123,0.4821823835372925
拉拢,0.3910057544708252,16.472132921218872,0.46933186054229736
应由,0.7084806263446808,22.871677815914154,0.5111602544784546
一向,0.5865019261837006,15.099604398012161,0.4507142901420593
接上,0.7021255493164062,31.58360743522644,0.6754369735717773
威力,0.32125866413116455,9.021822452545166,0.4858590364456177
地雷,0.5816546082496643,11.911769807338715,0.3867284059524536
用具,0.4273156523704529,10.490735650062561,0.2607958912849426
铁路线,0.45146363973617554,15.998895406723022,0.3506011366844177
一说,0.7335072457790375,35.47659811377525,0.6906303465366364
冻,0.5163557827472687,16.699108630418777,0.4689059257507324
疾苦,0.46425849199295044,10.310079991817474,0.5632853507995605
曰,0.6163884401321411,14.167039781808853,0.43589580059051514
简便,0.6882238388061523,13.801072895526886,0.599481463432312
打个,0.6596360206604004,22.348532915115356,0.37785035371780396
伤,0.2425706386566162,10.643385529518127,0.6011828184127808
二十九,0.5765320360660553,19.027869790792465,0.6031779050827026
苦恼,0.7006314694881439,20.43902760744095,0.37577706575393677
本钱,0.6936090588569641,24.89865279197693,0.5266151428222656
爆破,0.5363072156906128,16.041777312755585,0.759834036231041
连忙,0.42530614137649536,15.37421840429306,0.255230188369751
峪,0.6635611355304718,20.23944941163063,0.22683638334274292
周刊,0.21672886610031128,7.626696825027466,0.4218626022338867
杀害,0.25078845024108887,8.89973360300064,0.5026853084564209
不惜,0.324728786945343,10.336100161075592,0.46648192405700684
奉,0.6451840400695801,22.47005346417427,0.7519315183162689
一包,0.3268638253211975,12.172923386096954,0.4040946364402771
大大增加,0.5246330797672272,19.95827153325081,0.7415771186351776
上层,0.7227624952793121,21.426632970571518,0.7322260737419128
城关,0.5469866394996643,17.336374014616013,0.43468475341796875
干到,0.6222295761108398,21.58346712589264,0.6690913438796997
步枪,0.4020232558250427,10.23389321565628,0.5967937707901001
大大减少,0.636829286813736,21.318026840686798,0.5813626945018768
政变,0.7250203192234039,14.350423723459244,0.8162455260753632
参谋长,0.3616347908973694,5.541267514228821,0.18377995491027832
秀英,0.4805285930633545,17.98531711101532,0.492887020111084
三家,0.6308154165744781,24.770852506160736,0.5445979237556458
片面,0.41090965270996094,11.503760695457458,0.6106276214122772
毛巾,0.49245917797088623,8.207182884216309,0.34546977281570435
赶着,0.38937628269195557,9.627456963062286,0.2493554949760437
一例,0.8474308997392654,27.61987692117691,0.9382147006690502
业已,0.7853823751211166,20.895248010754585,0.7028644680976868
机上,0.5529690980911255,17.588994443416595,0.4463854432106018
西郊,0.6197571456432343,20.46838703751564,0.712245523929596
全队,0.6121491193771362,13.596154123544693,0.7075370252132416
有无,0.6500332951545715,24.624749809503555,0.6481359302997589
夸大,0.5315840542316437,12.606720119714737,0.7295788824558258
炉,0.27704918384552,11.260552823543549,0.5865044891834259
赖,0.931753896176815,35.51223025470972,0.7916726917028427
鲍,0.7500601410865784,29.363951563835144,0.493619441986084
棉衣,0.28746742010116577,6.835493981838226,0.20739954710006714
缴获,0.19009053707122803,4.179039657115936,0.511896163225174
免于,0.8153712898492813,28.772377967834473,0.5861512422561646
极少数,0.7075436413288116,21.886053413152695,0.49597692489624023
完全符合,0.7002879679203033,21.37284290790558,0.9214005917310715
抵抗,0.361815869808197,12.944890975952148,0.7132548987865448
连声,0.3102717399597168,10.652961671352386,0.2783242464065552
光靠,0.6827501952648163,25.540787637233734,0.6823764741420746
野菜,0.5190889239311218,10.863904774188995,0.19035285711288452
撤回,0.5584192872047424,22.78796747326851,0.5271016359329224
地以,0.7385808825492859,27.10017442703247,0.8843689784407616
财政部长,0.3381897211074829,8.419582664966583,0.515105128288269
淮南,0.6417640149593353,17.119398593902588,0.46262258291244507
齐心,0.8927594348788261,33.84918866306543,0.559277206659317
不堪,0.553236335515976,14.46717369556427,0.571528971195221
譬如,0.9260286837816238,46.20112608373165,0.8323560357093811
偷偷,0.5577054619789124,22.520022332668304,0.3265405297279358
医治,0.4350236654281616,9.524672389030457,0.336193323135376
当做,0.7413300573825836,32.56103414297104,0.6226942837238312
迫使,0.3093096613883972,10.135123074054718,0.4731801748275757
调到,0.7174288630485535,21.22784885764122,0.6749877631664276
干粮,0.47143346071243286,9.845763862133026,0.24538177251815796
一顶,0.49230390787124634,11.183262050151825,0.24684679508209229
弄清楚,0.7343325614929199,28.201359003782272,0.6671386957168579
侵袭,0.6673670709133148,12.999844044446945,0.6374082863330841
第二期,0.6537593901157379,25.143627494573593,0.6224471032619476
飞快,0.5521318018436432,18.76264449954033,0.41985780000686646
往外,0.360148549079895,15.119650065898895,0.2422742247581482
皮革,0.48887795209884644,11.363074958324432,0.27944672107696533
迷失方向,0.7547916322946548,26.216875359416008,0.8745896220207214
转过,0.6929578483104706,30.450024276971817,0.5163863003253937
挤出,0.7660731971263885,19.871350646018982,0.3318381905555725
过低,0.5711765587329865,21.43412533402443,0.9170801341533661
空想,0.899565763771534,24.737824253737926,0.791251465678215
指头,0.3497306704521179,12.017858028411865,0.5121684670448303
十倍,0.7846621125936508,20.622011050581932,0.3742729425430298
扫除,0.48985546827316284,10.668230175971985,0.5389529764652252
照样,0.6426931917667389,22.429136276245117,0.6693649590015411
警戒,0.5073803961277008,19.965993016958237,0.43027591705322266
心想,0.4717000722885132,20.967599034309387,0.5733402967453003
可疑,0.6856745183467865,24.908699303865433,0.8321702033281326
欢喜,0.6921755969524384,26.523802638053894,0.47577422857284546
人能,0.7891983985900879,36.534615725278854,0.6622739732265472
谈论,0.5652740001678467,19.774270713329315,0.6104494035243988
绝不会,0.706805944442749,24.12516263127327,0.4882667660713196
小队,0.7497266530990601,29.718716770410538,0.42589569091796875
隆,0.943652804940939,39.75720923766494,0.9669734090566635
房顶,0.4609038233757019,13.535937428474426,0.3643057942390442
改善生活,0.8758256658911705,23.12363886088133,0.6299508213996887
牙,0.8227905184030533,30.6976760327816,0.9510418772697449
最高峰,0.5771574676036835,21.48781344294548,0.7161376476287842
私自,0.6961212158203125,23.128215551376343,0.6344378292560577
竭力,0.7541117966175079,17.88767459988594,0.6453627943992615
人要,0.820327877998352,38.32822400331497,0.7318872511386871
拟订,0.5903624892234802,26.630723267793655,0.8579952716827393
之久,0.5700311660766602,14.908420443534851,0.5173726081848145
将要,0.6911593675613403,27.494649469852448,0.7636277675628662
不吃,0.2697089910507202,9.373331248760223,0.263675332069397
资产阶级,0.3043847680091858,6.964140474796295,0.46455150842666626
家务,0.45768123865127563,11.248041808605194,0.7423738241195679
革命党,0.6465063393115997,28.390804052352905,0.8912880346179008
渡过,0.46126431226730347,16.64364594221115,0.4985673427581787
这样一来,0.7460728883743286,37.63215482234955,0.6983681321144104
刺,0.5376558899879456,17.626610606908798,0.7359645664691925
骗局,0.6991738975048065,22.382689386606216,0.6844898760318756
清早,0.6959624886512756,21.908068150281906,0.5002610385417938
数不清,0.674450546503067,28.838133364915848,0.6530745327472687
矿工,0.45477592945098877,13.330162107944489,0.8651398122310638
使人,0.4409978985786438,8.032404363155365,0.49881303310394287
美联社,0.5571333169937134,10.884294986724854,0.4940994381904602
工农业,0.5763073861598969,11.284330695867538,0.5079146027565002
互不,0.5632099807262421,16.342588871717453,0.484180748462677
河滩,0.49246400594711304,15.618518769741058,0.34508079290390015
抢劫,0.2980242967605591,7.8803746700286865,0.3629940152168274
交通部,0.7026810050010681,14.746045649051666,0.6241662204265594
打败,0.47518521547317505,11.611184120178223,0.3525221347808838
受过,0.41221916675567627,12.678543627262115,0.497663676738739
二十七,0.6913509666919708,19.97884026169777,0.6693485975265503
太多,0.7598626017570496,25.207282602787018,0.4809483289718628
咬,0.3198819160461426,9.157946527004242,0.17452961206436157
提前完成,0.5307141840457916,12.006568282842636,0.43701159954071045
民族解放,0.4689949154853821,10.56936377286911,0.5709274411201477
反抗,0.2782739996910095,7.128384470939636,0.38596171140670776
下同,0.9142988622188568,36.946689277887344,0.7554531693458557
来得及,0.3789111375808716,15.76250946521759,0.30767905712127686
荒,0.6607580780982971,22.45699518918991,0.47970050573349
五月,0.4386720657348633,7.253186941146851,0.48992598056793213
盛赞,0.753457248210907,26.43643832206726,0.4976169466972351
这点,0.43554848432540894,18.802495419979095,0.5935418903827667
抓紧时间,0.7692049741744995,29.196512818336487,0.6920078098773956
原子能,0.6421161890029907,17.09590584039688,0.48048168420791626
几百,0.7426110804080963,25.548458963632584,0.801776722073555
一进,0.44937562942504883,19.838914692401886,0.5703929364681244
族,0.8956439718604088,22.59433599561453,0.8149529099464417
逃,0.6130544245243073,13.166385143995285,0.6154711544513702
在历史上,0.7518360018730164,22.104954689741135,0.7121012508869171
一切都是,0.9608913920819759,39.00253787264228,0.6756024956703186
不料,0.5824826657772064,26.11485317349434,0.689591258764267
谢意,0.3404759168624878,8.640742063522339,0.48823219537734985
不胜,0.7416532039642334,25.478123486042023,0.7016924917697906
打入,0.623869925737381,21.187329173088074,0.8382196873426437
汹涌,0.38416266441345215,9.189614534378052,0.3899375796318054
人中,0.6181144714355469,19.881586372852325,0.7494156956672668
载有,0.6341046094894409,15.697174578905106,0.40047478675842285
免受,0.7111943960189819,20.907887905836105,0.7414636611938477
拴,0.4503239393234253,18.447891533374786,0.5752893388271332
紧缩,0.6563968360424042,19.07057735323906,0.6877076029777527
男女老少,0.37840962409973145,13.948175311088562,0.3642759919166565
反击,0.8269710540771484,9.991272658109665,0.492431104183197
不屈,0.37192410230636597,9.948890745639801,0.5031738877296448
羊群,0.5933769643306732,13.41456413269043,0.38448500633239746
不肯,0.9414894618093967,10.816402617841959,0.37120872735977173
麻,0.8556848466396332,21.64246979355812,0.43446481227874756
冒充,0.6175546050071716,24.168122172355652,0.5192679762840271
背道而驰,0.5979610681533813,24.180871725082397,0.595909833908081
天水,0.7409891486167908,20.815666884183884,0.6617017090320587
司令员,0.25838422775268555,4.918839812278748,0.3219867944717407
军方,0.7183393836021423,16.366933077573776,0.7450801432132721
疯狂,0.6855612099170685,10.794825285673141,0.9225656986236572
合伙,0.8460557162761688,24.335498452186584,0.6806822717189789
宴会,0.5463767945766449,8.935149073600769,0.493465781211853
灾民,0.5485248863697052,14.020717442035675,0.6507042646408081
八年,0.655809611082077,17.98135194182396,0.7586039751768112
侮辱,0.4870956540107727,11.409670233726501,0.3524869680404663
这部分,0.8174324184656143,29.805775597691536,0.831260085105896
歌谣,0.43924546241760254,14.08728164434433,0.25600266456604004
火车头,0.7422118186950684,25.50253075361252,0.5800989866256714
一尺,0.46303045749664307,12.358805537223816,0.3982158303260803
老张,0.8283100128173828,30.92466489970684,0.8992966860532761
猪,0.23769599199295044,4.680763304233551,0.13683027029037476
封建,0.161055326461792,4.521845161914825,0.3459535837173462
靠山,0.7984965145587921,35.31613406538963,0.5707579851150513
不尽,0.5665890574455261,15.80898928642273,0.49450260400772095
随便,0.5127591788768768,13.207859545946121,0.31815963983535767
装运,0.4620916247367859,17.970418989658356,0.6029948890209198
致命,0.35125744342803955,13.252858340740204,0.6313833594322205
上以,0.9556338489055634,39.28753651678562,0.8511351346969604
勉强,0.5645071268081665,19.443711817264557,0.5370980501174927
联欢,0.5618523061275482,12.800560027360916,0.6642396450042725
九月,0.4479447603225708,8.17127811908722,0.5643225312232971
一堆,0.6404533088207245,12.200570464134216,0.2439664602279663
岱,0.8635071516036987,35.00097355246544,0.5394597351551056
人力物力,0.3965797424316406,15.421127080917358,0.32092273235321045
畏惧,0.45208388566970825,12.828234851360321,0.35625606775283813
全院,0.7672998905181885,24.39735648036003,0.7608442902565002
不长,0.6917557418346405,20.473667591810226,0.6961839497089386
被选为,0.5827151238918304,16.577490866184235,0.6528142988681793
境地,0.20026439428329468,5.18970787525177,0.28271031379699707
物力,0.2061215043067932,2.7449679374694824,0.24255222082138062
生平,0.9357105940580368,18.73620991408825,0.38469070196151733
不上,0.8320888876914978,30.88720601797104,0.8831781819462776
见过,0.38214802742004395,18.324103951454163,0.2917153239250183
二月,0.340087890625,7.49786639213562,0.6500280797481537
识字,0.42178773880004883,15.089599907398224,0.2986811399459839
锤,0.5516819953918457,19.948861092329025,0.4952300190925598
马达,0.5903211534023285,19.496995955705643,0.4512099623680115
四月,0.5335039496421814,7.568827867507935,0.5319971740245819
早起,0.6249226331710815,25.188081204891205,0.3622594475746155
不屈不挠,0.28512847423553467,9.472032964229584,0.34837454557418823
只得,0.4889909625053406,19.265990376472473,0.3910852074623108
害,0.5296024084091187,20.500556021928787,0.6569012403488159
破裂,0.6441629230976105,18.862812906503677,0.784547284245491
中是,0.7138284742832184,26.158000200986862,0.8185958117246628
招待,0.2942509651184082,7.6705392599105835,0.43114322423934937
红花,0.47716593742370605,14.757229745388031,0.7488665580749512
无理,0.4041674733161926,12.524327874183655,0.32890939712524414
立功,0.59105584025383,17.87711602449417,0.6384603977203369
处境,0.4149508476257324,9.596714615821838,0.5475447773933411
冰雹,0.4277270436286926,10.694998383522034,0.5821491181850433
高声,0.2988356351852417,12.825379252433777,0.3956454396247864
新近,0.7831800282001495,26.94748854637146,0.6772935688495636
索性,0.764796108007431,30.71143665909767,0.7730321437120438
退伍军人,0.834026113152504,15.93332003057003,0.5144776105880737
猖獗,0.5524379909038544,13.501688718795776,0.48129796981811523
红十字会,0.6495358645915985,19.31721004843712,0.5650646984577179
命中,0.4000353217124939,13.76917713880539,0.4931931495666504
上用,0.5621972680091858,21.125810652971268,0.43988853693008423
姓,0.5225256979465485,14.19906660914421,0.4777441620826721
怀里,0.37507373094558716,8.454310834407806,0.24750512838363647
为止,0.6568983197212219,14.501298934221268,0.68475341796875
挡住,0.41465580463409424,12.856933653354645,0.44511306285858154
往后,0.6241032779216766,24.764801025390625,0.5112209618091583
声中,0.3815513849258423,15.100947260856628,0.5817553102970123
连日,0.6191212832927704,22.039183348417282,0.8011395186185837
旅馆,0.3757855296134949,10.750710308551788,0.3768370747566223
事态,0.45233237743377686,12.302968323230743,0.3413584232330322
批判,0.43322616815567017,7.180136740207672,0.7267358303070068
注,1.0818808674812317,32.465843295678496,0.6266792118549347
狗,0.35837191343307495,12.820539951324463,0.35113954544067383
公式,0.8068323582410812,24.788390681147575,0.7308742702007294
调和,0.5018927454948425,18.104222893714905,0.5049649178981781
市郊,0.5420151352882385,16.01819199323654,0.6612679064273834
放着,0.44650787115097046,11.50660252571106,0.4055037498474121
头等,0.7846516519784927,30.174096181988716,0.9793184455484152
运来,0.6200655698776245,19.252167284488678,0.4641464352607727
后退,0.48241251707077026,17.764236390590668,0.38375407457351685
稍微,0.7186935842037201,26.30037149786949,0.4110398292541504
队里,0.8042226582765579,19.38714326918125,0.654483437538147
解救,0.857199564576149,27.041789680719376,0.6597300171852112
钢铁工业,0.5967259705066681,22.801698446273804,0.6654002964496613
订立,0.7594572901725769,15.908394068479538,0.341400146484375
吃力,0.43244069814682007,14.734967231750488,0.3733329176902771
天亮,0.5658957660198212,19.804126024246216,0.5122194290161133
一字,0.6636982560157776,26.070951461791992,0.436728298664093
摄制,0.35819488763809204,7.651793420314789,0.4231031537055969
猛,0.6230955719947815,14.73068881034851,0.5881320238113403
撑,0.4907923936843872,16.89777761697769,0.5045150220394135
而战,0.660130649805069,26.001754105091095,0.36526209115982056
预先,0.7358666360378265,33.219272553920746,0.543085902929306
简短,0.4769442677497864,14.796657145023346,0.513687938451767
热烈响应,0.4753536581993103,18.771985948085785,0.5513881146907806
毁,0.6286275386810303,17.443470895290375,0.39714550971984863
只不过,0.7246975600719452,22.848695069551468,0.8131769150495529
行事,0.8575208634138107,22.722118720412254,0.7654294818639755
帝国,0.5522026419639587,14.844363570213318,0.511081725358963
不去,0.7259368002414703,20.8579763174057,0.5914924144744873
万岁,0.45674246549606323,10.7335484623909,0.41242915391921997
折磨,0.32900530099868774,6.686247944831848,0.43983352184295654
指望,0.6449679732322693,23.421598225831985,0.6494296193122864
据说,0.9126425608992577,24.54185625165701,0.9408698230981827
游行,0.24202781915664673,6.552917838096619,0.284587025642395
多长,0.49549317359924316,17.06485414505005,0.5858912467956543
打得,0.5162418186664581,13.460639744997025,0.598061591386795
军国主义,0.3089468479156494,8.407899677753448,0.3840067386627197
高唱,0.39687591791152954,11.964624583721161,0.633556604385376
加倍努力,0.704823762178421,29.109375208616257,0.6319468319416046
脑子里,0.6305672824382782,20.65891969203949,0.5195386409759521
诺言,0.39874619245529175,16.711987674236298,0.8304191678762436
贵族,0.4175261855125427,13.114839732646942,0.537426620721817
欢欣鼓舞,0.4549905061721802,14.404934823513031,0.4903579354286194
沟里,0.46865010261535645,17.552038252353668,0.5485546290874481
廉价,0.6033217906951904,14.391994416713715,0.5775372087955475
攫取,0.6481939554214478,19.08214494585991,0.6055984497070312
工时,0.6309716999530792,19.824198126792908,0.6602893173694611
分清,0.49554818868637085,15.373268127441406,0.7108621001243591
过问,0.46148568391799927,15.649362862110138,0.7101365625858307
请假,0.48902106285095215,17.825643956661224,0.4239954948425293
侵入,0.6232356131076813,14.968594282865524,0.8123862147331238
教堂,0.6621662080287933,15.184910923242569,0.5398804247379303
伏,0.7957729995250702,23.01194855570793,0.49441856145858765
每天晚上,0.6179534494876862,22.980932623147964,0.5980330109596252
阻拦,0.7559352815151215,29.094874769449234,0.6355601251125336
积极分子,0.570728600025177,9.157716035842896,0.6469179093837738
不该,0.6092249751091003,19.35712707042694,0.6803668439388275
极其重要,0.6434534788131714,16.30397641658783,0.7405893802642822
奴役,0.3595937490463257,9.359721422195435,0.35275572538375854
天黑,0.5930589735507965,16.78943732380867,0.25245463848114014
空洞,0.6445329189300537,16.497400403022766,0.504802793264389
十几天,0.6239294409751892,28.11797332763672,0.4377700090408325
挫败,0.6691321432590485,15.89106222987175,0.5554189383983612
班里,0.6069236695766449,20.611537605524063,0.5708636939525604
镰刀,0.35605597496032715,11.369337260723114,0.29036247730255127
芝加哥,0.35496222972869873,15.920697331428528,0.40196698904037476
否认,0.3139479160308838,9.524530172348022,0.5084765255451202
不能不,0.6540686786174774,13.460824579000473,0.7140794396400452
半数以上,0.7014561295509338,31.371789544820786,0.48836344480514526
砖瓦,0.6263664066791534,14.666378289461136,0.3944739103317261
出钱,0.5843690633773804,20.33395066857338,0.49994975328445435
扯,0.7590508610010147,19.185178980231285,0.27255600690841675
难过,0.4698501229286194,12.348117709159851,0.3600120544433594
副团长,0.3060522675514221,10.979681968688965,0.4884658455848694
搁,0.6938449144363403,27.315979808568954,0.556316614151001
总领事,0.40372729301452637,8.409070909023285,0.5303225219249725
争论,0.3056987524032593,7.960364878177643,0.38952940702438354
说不出,0.3275776505470276,7.474699139595032,0.18182671070098877
顿,0.8098821640014648,26.056582137942314,0.6377611756324768
大路,0.5928358435630798,20.774247884750366,0.2767845392227173
司令部,0.625817209482193,8.83418557047844,0.29301202297210693
老鼠,0.5839632749557495,15.33707344532013,0.4743967652320862
欢腾,0.3355925679206848,10.333849966526031,0.49471938610076904
使团,0.7283147275447845,22.737512707710266,0.5182762742042542
缺点,0.44672638177871704,8.008351922035217,0.3999853730201721
凉,0.41809290647506714,18.3278990983963,0.5056658089160919
裁军,0.5968186855316162,12.400637537240982,0.5309796929359436
烂,0.321574866771698,10.359682738780975,0.3134228587150574
提了,0.5716125667095184,22.432996928691864,0.5568565428256989
议论,0.4455897808074951,13.127191126346588,0.5306437015533447
子弹,0.2775747776031494,6.080560684204102,0.23825430870056152
制造厂,0.4282642602920532,9.685839653015137,0.36629486083984375
参议员,0.583570122718811,7.650335669517517,0.3123898506164551
文教,0.8293789774179459,18.756067618727684,0.6972550749778748
顶上,0.5069190263748169,14.941842138767242,0.42256802320480347
挣扎,0.4680324196815491,9.224840939044952,0.47125244140625
起火,0.5994808375835419,14.423887372016907,0.4025261402130127
基督教,0.5132046043872833,12.613494008779526,0.6023175418376923
整天,0.33089470863342285,9.63255900144577,0.2582319974899292
脑子,0.5224623680114746,24.15998324751854,0.7158879935741425
卷起,0.5238135755062103,13.08031764626503,0.36784082651138306
亲眼看到,0.6103532016277313,27.671002954244614,0.8481745719909668
邮报,0.4405025839805603,11.85186243057251,0.4028804898262024
投机,0.36866265535354614,10.76990669965744,0.37704336643218994
编入,0.756196990609169,30.183716639876366,0.44350123405456543
行军,0.6143806576728821,14.233927339315414,0.32725203037261963
三座,0.45939379930496216,18.94476091861725,0.5498733222484589
木匠,0.7714862078428268,27.170150622725487,0.40804535150527954
以东,0.3943948745727539,12.368951678276062,0.3765743374824524
六月,0.7381259799003601,9.27922722697258,0.7144315540790558
口头上,0.646618127822876,15.539020657539368,0.7936212420463562
睡不着,0.16802668571472168,5.2262208461761475,0.18914318084716797
停泊,0.2985067367553711,7.7265623807907104,0.20462733507156372
树皮,0.3642529845237732,13.16924911737442,0.5741832554340363
卖掉,0.6181361377239227,15.985195398330688,0.30601316690444946
逼近,0.6236888468265533,27.2076618373394,0.739103376865387
功劳,0.5525325834751129,22.430278688669205,0.4575763940811157
新政府,0.5076120495796204,14.413764297962189,0.681024581193924
订,0.4859158396720886,14.46755963563919,0.9077697023749352
救国,0.6604997217655182,17.25475186109543,0.5248535573482513
关门,0.7566634863615036,19.24246747791767,0.47441333532333374
落得,0.682306706905365,24.295549899339676,0.7776216864585876
诽谤,0.3470855951309204,8.296204507350922,0.6644540131092072
弯路,0.46314018964767456,9.364127278327942,0.4450829029083252
排成,0.5897973477840424,14.077528029680252,0.4856046438217163
带头作用,0.30251914262771606,10.991258382797241,0.6014205813407898
几种,0.5097191333770752,13.360616207122803,0.6100907027721405
手提,0.5784972608089447,16.339065223932266,0.6650487184524536
筑路,0.5584794580936432,19.336057603359222,0.6697148680686951
掩护,0.449490487575531,9.685724437236786,0.4031434655189514
先到,0.7436901032924652,33.49272882938385,0.748493492603302
相差,0.41779446601867676,11.916204273700714,0.48943084478378296
瓦房,0.4761068820953369,10.092098712921143,0.2561498284339905
严重困难,0.4742158055305481,22.757358074188232,0.46875739097595215
搬走,0.6579087674617767,28.19677636027336,0.8950791209936142
八条,0.9314389005303383,29.630522169172764,0.48219025135040283
团团,0.6675649285316467,22.58586499094963,0.9082115143537521
煤气,0.5302024483680725,12.488401472568512,0.6007616221904755
保卫祖国,0.5598553419113159,11.336575746536255,0.4201619029045105
司令,0.23369234800338745,6.580074369907379,0.3767809271812439
罐头,0.33259183168411255,10.248270690441132,0.29039740562438965
五十,0.6755976378917694,15.883128136396408,0.5792146325111389
营长,0.4794415235519409,9.962329268455505,0.29172682762145996
沮丧,0.5946193933486938,18.806318044662476,0.38903266191482544
妥协,0.3813914656639099,9.529369235038757,0.551554799079895
扒,0.5406984388828278,15.743976920843124,0.5668263733386993
那位,0.6026014983654022,13.799365550279617,0.5319420397281647
动机,0.7395355105400085,21.40148565173149,0.6825258433818817
以西,0.5280617773532867,15.013565391302109,0.4806361794471741
索取,0.7968498915433884,21.230823799967766,0.786854550242424
阁下,0.6336635947227478,11.31151932477951,0.634800374507904
可耻,0.6593485772609711,12.617387533187866,0.5494576394557953
群岛,0.49092602729797363,12.626520335674286,0.25235652923583984
插入,0.8748596161603928,21.73720870912075,0.49188876152038574
朱德,0.4203799366950989,8.093013644218445,0.44759708642959595
六个月,0.39994752407073975,16.71038830280304,0.44585269689559937
夜班,0.478227436542511,17.60626083612442,0.5935356914997101
在此期间,0.8767648786306381,45.962851241230965,0.9133808091282845
伪,0.6979329884052277,23.928595930337906,0.7397191822528839
悲惨,0.3473774194717407,11.156685590744019,0.48093849420547485
地被,0.74288609623909,27.90459853410721,0.7885899245738983
忙于,0.43847453594207764,15.408049941062927,0.4374983310699463
万分,0.28429460525512695,10.360370874404907,0.444526731967926
忧虑,0.466450035572052,10.943636357784271,0.37504059076309204
雇员,0.6096732020378113,22.777654945850372,0.6852598786354065
辩护,0.4124472141265869,14.230676591396332,0.6830265820026398
难道,0.4081425070762634,12.020405411720276,0.4308989644050598
认真执行,0.6157826781272888,19.870710164308548,0.42079365253448486
烈火,0.4352254867553711,12.809087932109833,0.6020437180995941
撤,0.7217274308204651,27.434938341379166,0.7805960178375244
识,0.5771307051181793,24.263297528028488,0.6336342692375183
大旗,0.5334005653858185,17.000746220350266,0.5294077396392822
购买力,0.496198832988739,13.14398455619812,0.5211696624755859
间断,0.48387783765792847,12.168835759162903,0.2872117757797241
职员,0.8067754954099655,16.229036405682564,0.4492737650871277
羊毛,0.46377700567245483,13.111698150634766,0.42571598291397095
报上,0.541602611541748,17.62752676010132,0.8595820367336273
狭隘,0.6261260807514191,12.083808571100235,0.4151594042778015
含糊,0.5184779167175293,18.573921144008636,0.7426312267780304
飞来,0.5345993638038635,16.727766752243042,0.4927530884742737
一至,0.5765518546104431,17.402323067188263,0.6441840827465057
最高法院,0.5325986444950104,15.468674719333649,0.5157811343669891
出面,0.8080601096153259,19.315129578113556,0.580062061548233
十日,0.6288465261459351,10.914835780858994,0.6347022354602814
泪,0.3659901022911072,12.037107050418854,0.7275912761688232
样,0.7980117946863174,32.437094166874886,0.6946672201156616
少将,0.2780924439430237,7.844970107078552,0.41745853424072266
警察局,0.5603557229042053,21.67063331604004,0.5092316269874573
两架,0.17378968000411987,6.477501749992371,0.21774041652679443
扫地,0.5949505567550659,19.202953428030014,0.6491554081439972
暴行,0.3216983675956726,10.433832943439484,0.3085607886314392
日益严重,0.5014373958110809,16.48093071579933,0.5350002944469452
滚,0.4473046660423279,12.268511354923248,0.33451735973358154
西欧,0.5372391045093536,12.652919679880142,0.4941558241844177
第三天,0.6256186664104462,27.255393832921982,0.5719663202762604
呼喊,0.4489016532897949,15.385939240455627,0.35847872495651245
关心群众,0.7230474948883057,10.887939631938934,0.4327734708786011
排长,0.3035164475440979,8.95905464887619,0.335651159286499
庄稼人,0.7474402487277985,31.932117253541946,0.3225586414337158
转到,0.8339622318744659,34.569673880934715,0.6046902537345886
长处,0.5753687620162964,15.010809183120728,0.9060225784778595
写得,0.7566565424203873,18.575949922204018,0.3812035322189331
起义,0.6897426843643188,13.7688068151474,0.48121488094329834
封信,0.5086715221405029,17.264183282852173,0.46275895833969116
拣,0.3633536100387573,12.76588350534439,0.5333546698093414
回击,0.44585758447647095,16.18981111049652,0.3384539484977722
爬起来,0.34888899326324463,12.141623973846436,0.23448264598846436
天才,0.5577045381069183,19.987403452396393,0.7275665402412415
黎,0.8329327255487442,27.2580938488245,0.7646522521972656
大革命,0.601283460855484,13.24273607134819,0.6182705461978912
纠缠,0.655889242887497,24.18055233359337,0.8840383961796761
运输机,0.5823299288749695,11.199260890483856,0.2934532165527344
他俩,0.5921312868595123,25.638507962226868,0.47498661279678345
美国国务院,0.6051464378833771,11.037252515554428,0.506891280412674
急于,0.5994043350219727,25.696609556674957,0.566071629524231
英镑,0.40855681896209717,11.670221149921417,0.563243180513382
活着,0.4503856301307678,14.627476274967194,0.5968556106090546
晚间,0.5200939476490021,18.316730588674545,0.45206916332244873
转而,0.8978934958577156,39.56682524830103,0.8688615262508392
第二次世界大战,0.3704547882080078,8.264455199241638,0.4172690510749817
病症,0.39637291431427,13.204342484474182,0.4595249891281128
卷入,0.6468282043933868,18.009539514780045,0.7853495627641678
请示,0.6641077995300293,20.297762274742126,0.6359675824642181
经不起,0.7176778018474579,20.59324675798416,0.6778795719146729
绝望,0.488689661026001,13.39054262638092,0.5639657080173492
一条心,0.7610282897949219,26.934527903795242,0.5869100391864777
讽刺,0.5199031233787537,13.917477786540985,0.6319871842861176
防空,0.6631420254707336,14.93063223361969,0.6223979294300079
殴打,0.3686424493789673,10.377975881099701,0.33023232221603394
电灯,0.3786775469779968,9.127803266048431,0.4356204867362976
苛刻,0.48493897914886475,17.795648634433746,0.6051681935787201
商船,0.49084705114364624,15.913678646087646,0.43864452838897705
每人每天,0.5881361663341522,17.515459150075912,0.5961042642593384
整风,0.7092779278755188,19.95456701517105,0.759465366601944
屁股,0.6376479864120483,13.258829206228256,0.45931828022003174
铁路局,0.47663670778274536,11.630445122718811,0.44795316457748413
铁矿,0.44576388597488403,13.450318336486816,0.5208399295806885
三八,0.5919575393199921,13.673340499401093,0.8967307731509209
邮局,0.7059267163276672,18.053391188383102,0.6771467626094818
踏进,0.7425504922866821,29.075027883052826,0.45218557119369507
几口,0.5299884378910065,11.719001144170761,0.4245525598526001
乙,0.919465683400631,25.513330049812794,0.8846986219286919
一等,0.6148068904876709,20.425444692373276,0.5062390863895416
灭,0.7845472395420074,22.181275814771652,0.6664358079433441
祖父,0.5371653437614441,21.082448720932007,0.591401219367981
警觉,0.6903472244739532,23.557631880044937,0.49880915880203247
中立,0.6001013517379761,18.144217163324356,0.5314667224884033
首长,0.5742501616477966,13.085821211338043,0.46211445331573486
高喊,0.46973860263824463,17.87056803703308,0.4978507161140442
带病,0.7910878211259842,23.716308370232582,0.7110951840877533
社论,0.17267835140228271,5.032764554023743,0.2404402494430542
列宁,0.37399739027023315,8.569954097270966,0.6408240795135498
起着,0.29066014289855957,8.084709584712982,0.3163425326347351
摘要,0.5856538116931915,10.908238977193832,0.3156859874725342
累累,0.7006862163543701,21.24343040585518,0.7762075513601303
开头,0.8714644312858582,26.29724508523941,0.7031424939632416
典礼,0.4215845465660095,13.086806058883667,0.2898631691932678
观察家,0.463603675365448,12.517350554466248,0.3880866765975952
停顿,0.435488224029541,14.406829595565796,0.9017072021961212
做工,0.5326962769031525,16.980216473340988,0.6774019300937653
满身,0.31153935194015503,11.284278869628906,0.34207427501678467
通宵,0.5386919975280762,22.779653400182724,0.652348130941391
人少,0.6253179907798767,26.49829813838005,0.43176454305648804
涌向,0.5842057168483734,15.179350912570953,0.626805990934372
警卫,0.6364276707172394,19.856631755828857,0.6797310709953308
写成,0.4683303236961365,13.944123387336731,0.5113497078418732
全体人员,0.6842457354068756,32.508004277944565,0.7939094603061676
一百,0.7913121432065964,16.648325845599174,0.6332012414932251
动员群众,0.6242794394493103,27.772603809833527,0.6593404114246368
白宫,0.6314279139041901,15.473521322011948,0.5894793570041656
伪装,0.636337548494339,21.98436063528061,0.5195003747940063
打断,0.7095897197723389,18.77318701148033,0.4208378195762634
改名,0.6552288234233856,31.115360349416733,0.5342557728290558
溜,0.7946001440286636,28.75945346057415,0.5300554931163788
屡次,0.7888077646493912,37.03026540577412,0.6067129373550415
四十,0.6803194582462311,15.933436423540115,0.5334994494915009
饱,0.47429436445236206,17.15754795074463,0.4930102825164795
旱灾,0.39583224058151245,8.672550022602081,0.2957720160484314
休养,0.8931267410516739,18.04533138871193,0.35661494731903076
几十万,0.6430765390396118,20.34554013609886,0.4913937449455261
无情,0.5029233992099762,14.284792095422745,0.4662649631500244
坚决执行,0.5356595516204834,17.167571187019348,0.4860362410545349
一致意见,0.5781876742839813,9.491791099309921,0.6932119727134705
空隙,0.7213900983333588,24.47581273317337,0.8953132033348083
叫作,0.8457189500331879,41.678003534674644,1.0074596386402845
私,0.7524401098489761,26.33477182686329,0.7069141268730164
衣裳,0.46393781900405884,12.701312363147736,0.19733351469039917
鞍山,0.5566130876541138,10.495790183544159,0.5875169634819031
充斥,0.7052641808986664,19.41596883535385,0.6397488415241241
出没,0.5807635486125946,15.377280950546265,0.6884526014328003
痛恨,0.5259133875370026,19.190244376659393,0.46348893642425537
诚恳,0.39480358362197876,9.997780799865723,0.3615592122077942
坦克,0.2516753673553467,5.3603538274765015,0.183488667011261
人多,0.6093546748161316,28.93322578072548,0.6737255752086639
百分之百,0.5219140350818634,21.347686648368835,0.6039658486843109
十来,0.6080634891986847,32.81361296772957,0.3929460644721985
买不到,0.6618493795394897,18.94396349787712,0.5562511384487152
永垂不朽,0.4662390351295471,15.41000646352768,0.3483542799949646
老老实实,0.48864680528640747,17.657521843910217,0.4110564589500427
口子,0.6821846663951874,19.21993139386177,0.6166684627532959
交通要道,0.5766744017601013,22.412649631500244,0.5988755524158478
外流,0.7893674969673157,22.84583169221878,0.6632724702358246
几座,0.6264398097991943,21.51615458726883,0.5982341766357422
轻视,0.49895304441452026,14.530595362186432,0.698419839143753
广播电台,0.547359049320221,11.734214842319489,0.6385628283023834
工学院,0.4423938989639282,12.141064286231995,0.33297961950302124
出名,0.7767002135515213,31.946383759379387,0.8063044846057892
武装力量,0.5756628811359406,12.51891353726387,0.8253708481788635
往下,0.6292636692523956,22.703944385051727,0.6339587569236755
无微不至,0.3324691653251648,10.401423037052155,0.3982312083244324
摇摆,0.709399402141571,31.82538664340973,0.5031842589378357
迟,0.5261639654636383,21.578515499830246,0.5408805012702942
歪,0.5483035147190094,22.288361102342606,0.6502905189990997
贪污,0.5697221457958221,8.708711415529251,0.3580172061920166
潮水,0.6168129146099091,21.44171842932701,0.4648456573486328
屋子里,0.41518348455429077,16.548808813095093,0.36584681272506714
一匹,0.37917834520339966,12.115964889526367,0.35366594791412354
欢送,0.4188889265060425,10.574741899967194,0.4658217430114746
什,0.802155464887619,14.54607543349266,0.6603903770446777
复活,0.7679124921560287,28.05018863081932,0.7388741374015808
这回,0.5485920906066895,21.78697121143341,0.49140089750289917
文艺界,0.5275363326072693,16.92006015777588,0.4947507381439209
驱逐舰,0.2767934203147888,7.589804232120514,0.3700758218765259
快要,0.6649031043052673,24.864798963069916,0.5452226996421814
所到之处,0.6723475456237793,24.097954839468002,0.8911354914307594
反倒,0.7886644601821899,34.413129180669785,0.9215472340583801
中途,0.47161710262298584,21.275354862213135,0.6250556409358978
屠杀,0.4933878779411316,9.03693002462387,0.3669174313545227
解散,0.5444690585136414,15.679165244102478,0.7213445007801056
公私,0.9201311096549034,27.66310479491949,0.6761294007301331
杀人,0.4447285532951355,8.601318299770355,0.3156054615974426
注射,0.49099498987197876,8.797121047973633,0.4556038975715637
棉田,0.5631788074970245,14.329729616641998,0.518212765455246
宽大,0.9629941359162331,23.141197703778744,0.8907704055309296
只顾,0.5264733135700226,10.570107489824295,0.8095493763685226
好坏,0.5406877398490906,11.873384952545166,0.5842056274414062
外衣,0.5099999308586121,9.786283016204834,0.2993506193161011
分给,0.36239057779312134,14.979464948177338,0.34733039140701294
十万,0.7672906219959259,20.12293767929077,0.566162109375
努,0.5364312529563904,16.741766035556793,0.5378534495830536
中毒,0.600003570318222,12.850126445293427,0.527476042509079
提高警惕,0.4744417667388916,14.888213276863098,0.508097767829895
近几年来,0.8499933928251266,18.122957453131676,0.696782648563385
接替,0.6833889782428741,24.801019817590714,0.8319326043128967
求得,0.51316699385643,19.41327229142189,0.7573799937963486
参战,0.6571872234344482,17.36070278286934,0.4555189609527588
运出,0.6179391741752625,22.523525685071945,0.37893784046173096
喂养,0.5782577991485596,11.737507998943329,0.5467660427093506
解放出来,0.4961475133895874,9.960399210453033,0.6849214434623718
得出结论,0.7651933878660202,35.33587308228016,0.6294267177581787
站岗,0.5773818492889404,22.24581664800644,0.35286515951156616
洗衣服,0.5746038854122162,14.186939686536789,0.3644513487815857
东欧,0.5130860507488251,11.321170717477798,0.41230714321136475
战斗机,0.32952880859375,5.687107682228088,0.19606810808181763
几点,0.6247993111610413,15.326902747154236,0.7007941007614136
腐烂,0.4988396167755127,14.218313038349152,0.5963341891765594
师范学校,0.46015965938568115,13.41225916147232,0.5707547962665558
露,0.8061939477920532,28.095595955848694,0.6116881668567657
英雄人物,0.5830738544464111,15.988880097866058,0.509929746389389
毁坏,0.41875988245010376,14.669535040855408,0.6374313235282898
木棍,0.3144024610519409,12.931945085525513,0.16982221603393555
火烧,0.5799160599708557,24.218432277441025,0.46196675300598145
跳进,0.3405812382698059,9.5999236702919,0.4611119031906128
泼,0.5225316286087036,16.643226742744446,1.1085858270525932
游击队,0.26372891664505005,9.015892148017883,0.5275848507881165
寄给,0.6108744740486145,19.506284058094025,0.452578604221344
捆,0.6788785755634308,13.26276758313179,0.30757421255111694
急速,0.6482146084308624,26.636161744594574,0.5575432479381561
军用,0.5987993478775024,12.696639835834503,0.2592458128929138
门上,0.4754292964935303,17.0931636095047,0.24454247951507568
十次,0.8154527842998505,32.17057862877846,0.9453709796071053
预言,0.609929233789444,22.694734513759613,0.5161004662513733
师长,0.578430563211441,11.17078885436058,0.23474299907684326
愤怒,0.39030611515045166,9.900771141052246,0.47739195823669434
撤出,0.34608179330825806,8.562595188617706,0.655407041311264
挽,0.6880934536457062,17.95134648680687,0.8321390300989151
愤慨,0.31162840127944946,6.673628270626068,0.48934340476989746
痛,0.38256239891052246,13.934410870075226,0.4755541682243347
不进,0.7817684859037399,37.456588968634605,0.7301810085773468
只靠,0.6874188184738159,30.601278692483902,0.7773820459842682
想一想,0.5916301310062408,22.529538065195084,0.4015548825263977
修成,0.5474922955036163,19.092202335596085,0.42190396785736084
欧洲各国,0.8563800603151321,38.89627127349377,0.7952030301094055
抢种,0.450639545917511,11.546003997325897,0.29011285305023193
奋不顾身,0.3211509585380554,12.683422088623047,0.37539923191070557
有理,0.8051491677761078,21.29681533575058,0.5408805310726166
锄,0.4189598560333252,12.633995056152344,0.44028812646865845
经济危机,0.49382543563842773,11.848295629024506,0.4087403416633606
接二连三,0.8467410802841187,40.15256176888943,0.8842781037092209
时时刻刻,0.6959375739097595,31.655665457248688,0.7796288877725601
园地,0.762203574180603,20.271470189094543,0.5637247264385223
起码,0.5829898715019226,22.909912794828415,0.7430706024169922
包扎,0.41147172451019287,13.802987337112427,0.26273244619369507
才行,0.7818001061677933,42.816755786538124,0.41957515478134155
黑夜,0.3963658809661865,12.543345630168915,0.217038094997406
计较,0.4241092801094055,10.423436760902405,0.25236743688583374
终究,0.8400702476501465,25.399999499320984,0.7628423273563385
武昌,0.7635108530521393,21.622363597154617,0.6654115617275238
捣毁,0.6115997731685638,15.776708573102951,0.6623966097831726
成群结队,0.47332215309143066,18.592754244804382,0.5432230830192566
法令,0.49876469373703003,12.208086133003235,0.41297924518585205
科夫,0.5761381685733795,12.849750697612762,0.4755038619041443
刚一,0.6167500019073486,28.7285378575325,0.5634390115737915
正直,0.7277714014053345,16.313211262226105,0.9637622237205505
水灾,0.42541539669036865,10.790658414363861,0.39574116468429565
重伤,0.29960572719573975,7.603434860706329,0.4019380211830139
急忙,0.43467122316360474,11.784510731697083,0.3595747947692871
联欢会,0.4614224433898926,12.507575809955597,0.6225322782993317
人民大众,0.7029125392436981,26.740075409412384,0.6338659822940826
浓烟,0.2607575058937073,8.951894581317902,0.30435293912887573
离去,0.5537683665752411,15.325704723596573,0.5723253786563873
做得好,0.6165492832660675,29.60666373372078,0.617052435874939
有如,0.6963224411010742,21.470886379480362,0.6487677097320557
余地,0.7010954320430756,19.177859365940094,0.6344192028045654
威望,0.556184709072113,17.065762519836426,0.5795734524726868
一会,0.5002039670944214,15.77130377292633,0.5056626796722412
炮弹,0.2841605544090271,7.727142632007599,0.22705799341201782
自称,0.6690641939640045,29.92027023434639,0.7393773198127747
用尽,0.7429858446121216,25.527793765068054,0.5587811470031738
嫌,0.3785895109176636,13.112043499946594,0.46957433223724365
奇怪,0.3255423307418823,11.767142713069916,0.37320685386657715
报复,0.4261553883552551,12.601783633232117,0.47350072860717773
第一句,0.4576451778411865,11.477282226085663,0.302646279335022
割断,0.6500817835330963,25.094108998775482,0.7270002663135529
本部,0.8080229163169861,32.157993003726006,0.8794839829206467
过日子,0.46719276905059814,18.33957666158676,0.3291793465614319
几项,0.6893625259399414,18.073667585849762,0.6018640995025635
住处,0.6491444110870361,24.485368221998215,0.4117048978805542
这要,0.8072042912244797,39.03987346589565,0.498160183429718
声援,0.651282012462616,17.313329935073853,0.8145006000995636
骚扰,0.5335397124290466,19.472069263458252,0.5966401100158691
驳斥,0.335845410823822,11.541935086250305,0.5158141553401947
两辆,0.2548706531524658,6.599917829036713,0.26683562994003296
大修,0.7503101974725723,20.413528487086296,0.8130456209182739
不得了,0.6862137615680695,28.49067112803459,0.4072640538215637
勿,0.8376303315162659,29.637236058712006,0.6130931079387665
解放事业,0.5031694173812866,10.011756002902985,0.5149832963943481
被捕,0.379341185092926,10.236876249313354,0.561710387468338
头痛,0.45875293016433716,14.370564758777618,0.4070207476615906
告,0.6587708294391632,15.819783866405487,0.5886398553848267
午夜,0.43215733766555786,18.620207369327545,0.6207326650619507
渗入,0.5999030768871307,22.692127287387848,0.8988002836704254
只想,0.7387518584728241,29.20165506005287,0.5047409236431122
去掉,0.6783649027347565,27.97437211871147,0.664983868598938
开刀,0.7264108061790466,27.32892644405365,0.7370946109294891
确切,0.8316281139850616,20.8325554728508,0.663371205329895
这使,0.8079307973384857,24.376035377383232,0.666052520275116
昏迷,0.48786014318466187,11.140264451503754,0.5266929864883423
穷人,0.5619734823703766,15.558900743722916,0.8157897889614105
反动,0.4343017339706421,7.919378459453583,0.3479686975479126
步调,0.6946747303009033,28.833347737789154,0.3508036732673645
提纲,0.8711294233798981,25.75977385044098,0.6846705079078674
砖头,0.4579855799674988,13.6827352643013,0.5520898699760437
粪,0.4682996869087219,10.564636945724487,0.3587881326675415
举手,0.655517965555191,28.18913161754608,0.5640175640583038
挡不住,0.5992508828639984,27.01842772960663,0.857466995716095
指挥所,0.43932032585144043,18.817467093467712,0.3702418804168701
跪,0.453585147857666,14.151155233383179,0.3576621413230896
让出,0.6791821122169495,32.02358075976372,0.7338101267814636
劳力,0.3260765075683594,7.541250944137573,0.4478098750114441
直到现在,0.8043520003557205,35.37256497144699,0.60359987616539
杀,0.6908602118492126,14.019149780273438,0.6394684016704559
捉,0.6499720811843872,15.772951424121857,0.48681092262268066
马路上,0.668908953666687,18.95442721247673,0.6150865256786346
临行,0.3968386650085449,13.976350486278534,0.2911197543144226
盼望着,0.6446240842342377,27.08197459578514,0.5993870496749878
各队,0.8435197025537491,16.5841972976923,0.7782524228096008
投掷,0.3172139525413513,11.154494822025299,0.4075862765312195
好些,0.7664501965045929,33.67384585738182,0.6123896837234497
目前为止,0.558630108833313,11.892297446727753,0.7626641392707825
总督,0.6446908414363861,15.788926303386688,0.40494757890701294
在经济上,0.6940624415874481,21.50776419043541,0.572668731212616
甘心,0.44389814138412476,10.503628313541412,0.34451860189437866
侵略战争,0.39168405532836914,9.51802772283554,0.34334903955459595
好几年,0.7166411280632019,34.45459967851639,0.5981012582778931
轰轰烈烈,0.45579272508621216,14.114851117134094,0.5696959495544434
改组,0.6487958431243896,16.12389850616455,0.7247633934020996
两段,0.8496134430170059,40.745909824967384,0.7333454191684723
暗暗,0.6445440948009491,24.229452162981033,0.37087827920913696
俄国,0.44243091344833374,12.12473338842392,0.5732835829257965
三名,0.6551278233528137,13.852913945913315,0.726807177066803
三四,0.9540618769824505,27.546546172350645,0.5577383637428284
多高,0.7335176169872284,14.229463011026382,0.23817306756973267
六七,0.6944961249828339,30.971325486898422,0.8617002367973328
定于,0.5092770159244537,16.08156844973564,0.4987744688987732
开动,0.5565080046653748,15.214493602514267,0.5296565592288971
众所周知,0.6929078102111816,28.22434213757515,0.7495410144329071
掩饰,0.30638569593429565,12.447712361812592,0.4730881452560425
边区,0.7659176290035248,20.92022353410721,0.7629036456346512
摇,0.5117150545120239,17.85505884885788,0.27896857261657715
不止一次,0.8529065698385239,28.80843397974968,0.7382776737213135
打倒,0.5331987738609314,15.543609619140625,0.445490300655365
黄昏,0.48359596729278564,15.033285558223724,0.48945826292037964
讨论会,0.5137089490890503,14.99022650718689,0.44048357009887695
嘴巴,0.8061937838792801,22.60116769373417,0.5406006872653961
大车,0.5981098413467407,15.739711165428162,0.5149113535881042
领海,0.43945878744125366,11.944290399551392,0.7542625963687897
送走,0.8855848982930183,32.29244949668646,0.5668609142303467
田中,1.0035322962794453,29.34556964621879,0.7584123909473419
确信,0.767520934343338,33.016157910227776,0.7373592853546143
多路,0.7890514731407166,31.33303675055504,0.6815368235111237
两样,0.664679616689682,26.05876088142395,0.5359783172607422
失,0.860361322760582,31.111792251467705,0.6327639520168304
面目,0.47835099697113037,13.943419814109802,0.35294514894485474
三日,0.5842322409152985,11.617327600717545,0.7023996114730835
恶果,0.5404477417469025,16.903932064771652,0.5171530246734619
人马,0.9003584608435631,34.37232757359743,0.5961030423641205
石子,0.5622945725917816,20.27895101904869,0.4193323850631714
放羊,0.6266396343708038,22.22331392765045,0.41374802589416504
借来,0.6498142778873444,28.883971005678177,0.6097820997238159
一齐,0.5331396460533142,16.903370082378387,0.5141265988349915
跌,0.5781236588954926,17.530796974897385,0.4923554062843323
砍掉,0.5428875386714935,26.411990225315094,0.4786679148674011
审讯,0.5107715725898743,15.310660779476166,0.6833268404006958
击中,0.587895542383194,11.156559139490128,0.5450294315814972
残余,0.6382312476634979,16.404765337705612,0.7828088104724884
总想,0.9033636823296547,40.517700619995594,0.6204118728637695
争先恐后,0.5846350789070129,26.497545689344406,0.5926449596881866
忍受,0.36123764514923096,11.123664379119873,0.5272404849529266
自由主义,0.4883420467376709,16.803519248962402,0.7213107049465179
激战,0.39235448837280273,11.038007378578186,0.5566874742507935
晚报,0.7209501266479492,18.2548788189888,0.5782346427440643
亲爱,0.2938845157623291,10.34507405757904,0.45215171575546265
围剿,0.5701119303703308,9.785236984491348,0.2713199853897095
猛烈,0.3605673909187317,8.673487484455109,0.5054608583450317
电报,0.5179416537284851,11.627364218235016,0.660747766494751
解脱,0.5009290874004364,15.350849479436874,0.6032711863517761
恣意,0.8078644871711731,28.58914628624916,0.5517150163650513
钢铁厂,0.5083882808685303,15.741843193769455,0.7475988268852234
跟前,0.6021879613399506,16.157543748617172,0.3860011696815491
大衣,0.29188913106918335,10.551549971103668,0.2491997480392456
出车,0.7749123126268387,26.38945560157299,0.6167305111885071
强调指出,0.5271008014678955,13.011288940906525,0.7563992738723755
弄清,0.6535121500492096,20.728256821632385,0.69321009516716
阿尔巴尼亚,0.5356837213039398,14.76662728190422,0.7855533361434937
大选,0.4623560309410095,11.516449272632599,0.34711742401123047
临走时,0.6544836461544037,29.81440618634224,0.448406457901001
已到,0.8164366632699966,30.66255708038807,0.5779598355293274
催,0.599520355463028,20.505391478538513,0.4350489377975464
争吵,0.4549659490585327,17.157421112060547,0.4605379104614258
有劲,0.6212312281131744,22.429254442453384,0.36002403497695923
决不会,0.5638982951641083,18.02934530377388,0.5829164981842041
原子弹,0.49597984552383423,9.980605781078339,0.3889812231063843
不开,0.699858158826828,32.73441615700722,0.5370537340641022
八月,0.4286438822746277,7.6626744866371155,0.5503828525543213
回事,0.6485477983951569,26.81274837255478,0.5515558123588562
合理化,0.8219176381826401,13.711357906460762,0.9570208489894867
收买,0.5859963893890381,21.1681047976017,0.5174500644207001
有功,0.7214842438697815,21.231393039226532,0.8415078967809677
何等,0.4144543409347534,15.2782683968544,0.6070790588855743
上当,0.6467143595218658,28.860532104969025,0.8287829011678696
油漆,0.4070588946342468,13.220537602901459,0.42004722356796265
对付,0.46956825256347656,11.342590034008026,0.626928985118866
从早到晚,0.6022073030471802,25.194718956947327,0.6741825640201569
九十,0.8279745429754257,13.625573471188545,0.5564965009689331
四人,0.6067248582839966,21.900973796844482,0.5957549214363098
随同,0.7065832316875458,21.295129418373108,0.8993309959769249
需用,0.8873790949583054,26.537095859646797,0.7123207151889801
副司令员,0.28573769330978394,5.281099438667297,0.3405405879020691
油灯,0.508765697479248,13.03417843580246,0.41960984468460083
书刊,0.581384003162384,14.993731617927551,0.39797401428222656
提意见,0.5284463763237,20.8571714758873,0.5141394138336182
九天,0.7007880806922913,32.75931879878044,0.9318928420543671
老实,0.44900065660476685,19.619096338748932,0.7592190951108932
爬行,0.678013414144516,22.394024163484573,0.4520609378814697
无止境,0.7767790108919144,36.92281948029995,0.7260241210460663
苍蝇,0.6638301908969879,14.978187501430511,0.5237743258476257
化学工业,0.6651396751403809,16.407946705818176,0.6466592848300934
大成,0.8006727248430252,39.67922832071781,0.6714291274547577
过分,0.6706533133983612,15.511481612920761,0.4994121789932251
抗拒,0.38386696577072144,13.285391509532928,0.4815855622291565
得力,0.6625180244445801,17.63085287809372,0.7376505434513092
矿藏,0.5934469401836395,13.361578851938248,0.505657285451889
痊愈,0.4229256510734558,12.336896777153015,0.2859805226325989
挨,0.49416178464889526,16.875133097171783,0.4487724304199219
否决,0.6144146919250488,16.29149690270424,0.7897747159004211
年景,0.3908013701438904,15.592033982276917,0.24520140886306763
残存,0.6214550137519836,27.44794425368309,0.7272495031356812
引诱,0.5560489296913147,21.64548996090889,0.3955675959587097
吸,0.5649513900279999,18.129809707403183,0.5128292739391327
人民政权,0.6466862261295319,25.428981363773346,0.9826244525611401
工矿,0.7382308840751648,27.5315300822258,0.765217512845993
潜入,0.5990350246429443,19.96350333094597,0.7237447500228882
驱散,0.826318696141243,20.31102280318737,0.9055698588490486
镇压,0.547779768705368,10.114529937505722,0.4910832643508911
个人利益,0.4032580852508545,8.449837982654572,0.419245183467865
百倍,0.6494539678096771,21.939997285604477,0.6720668077468872
烧毁,0.43175631761550903,11.10946798324585,0.6990814507007599
欠下,0.5273208916187286,14.211164087057114,0.5746149122714996
标榜,0.7237111628055573,26.567664206027985,0.40504181385040283
催促,0.7294890880584717,27.495984345674515,0.9206154122948647
界线,0.6755760610103607,26.72689840197563,0.6240168511867523
没关系,0.8560023009777069,31.662405654788017,0.6683225631713867
他常,0.578528106212616,23.89489847421646,0.4353567361831665
仍旧,0.9694213643670082,42.26964221149683,0.7320943772792816
睡着,0.43943309783935547,16.447589218616486,0.3992146849632263
女人,0.5152493417263031,14.764066368341446,0.4166129231452942
角落里,0.5254982709884644,22.18393248319626,0.6527407467365265
普遍提高,0.5496980845928192,18.22211065888405,0.5399158596992493
山麓,0.6115203201770782,17.37347635626793,0.42151176929473877
伎俩,0.6254699528217316,13.019082874059677,0.5108788311481476
五年计划,0.3435145616531372,8.653154611587524,0.7054473757743835
男人,0.6515337228775024,14.25383085012436,0.4175119400024414
一万,0.6166103482246399,15.176432251930237,0.7611085325479507
耍,0.6509951055049896,19.51222112774849,0.4572686553001404
发表谈话,0.5288690328598022,9.105224251747131,0.6014363467693329
垮,0.5212797224521637,24.01789340376854,0.5109769105911255
悲观,0.5469386577606201,13.853198289871216,0.3387959599494934
勾结,0.35368669033050537,9.533970713615417,0.5681163966655731
继续执行,0.694779634475708,29.22586426138878,0.5715104043483734
女工,0.406441330909729,13.142103791236877,0.44903039932250977
倒闭,0.5054410994052887,12.011540323495865,0.5100641250610352
七月,0.39534103870391846,8.164029955863953,0.5474602580070496
单是,1.0066531375050545,47.51843734830618,0.7131142020225525
全班,0.4778873920440674,21.832815945148468,0.3876817226409912
空话,0.4677465558052063,6.891498327255249,0.4169803857803345
反帝,0.3392481803894043,6.971478283405304,0.5087687075138092
严重性,0.4867275357246399,17.427806854248047,0.5159285664558411
忽,0.6590221226215363,23.02537316083908,0.7391479313373566
轰动,0.6377120018005371,20.136332541704178,0.8039520829916
逼,0.5118996798992157,16.343529284000397,0.5692611038684845
七分,0.6040669679641724,20.606952518224716,0.634597510099411
开水,0.19946390390396118,7.6477320194244385,0.20609670877456665
三百,0.6924024820327759,13.44025045633316,0.45809465646743774
压倒,0.6688983142375946,22.837314873933792,0.8142905831336975
看守,0.9297305345535278,33.64099974185228,0.7428301572799683
缠,0.5684213042259216,16.68126928806305,0.31207334995269775
号称,0.7317755222320557,27.08059385418892,0.8108987808227539
宣战,0.7193659842014313,33.303694039583206,0.8402066975831985
放过,0.5370884537696838,20.844334661960602,0.3831060528755188
诸,0.7758523374795914,24.754300877451897,0.7825891673564911
把戏,0.6857758164405823,21.785752832889557,0.6690112054347992
年岁,0.651591032743454,27.59679040312767,0.5126838088035583
蒋介石,0.5369482636451721,9.133647203445435,0.55342236161232
后边,0.7031276822090149,26.42245751619339,0.6406048834323883
三倍,0.8118564486503601,13.026732563972473,0.4642890691757202
民主革命,0.5287104249000549,10.898995280265808,0.6269518435001373
重演,0.46725523471832275,16.759137570858,0.49766528606414795
四天,0.6269111335277557,13.964059621095657,0.43569374084472656
七日,0.7615132927894592,11.274876981973648,0.8731065094470978
烟草,0.7591299563646317,15.997534319758415,0.54457226395607
巨响,0.27877193689346313,7.220319926738739,0.2542620897293091
军费,0.4275946021080017,13.670953392982483,0.5091689825057983
中所,0.49317729473114014,11.809605836868286,0.4829561114311218
政治觉悟,0.6844349205493927,12.990809291601181,0.5606572329998016
思想觉悟,0.4532669186592102,12.013339757919312,0.46595942974090576
具体表现,0.7084389925003052,37.63459092378616,0.8728991448879242
三门,0.9199077114462852,33.52073463052511,0.7642856389284134
尾巴,0.6830131113529205,16.49112442135811,0.6700573265552521
调来,0.6103362441062927,27.94473174214363,0.7566459476947784
不干,0.5868665874004364,18.252977520227432,0.7136745154857635
驻军,0.6268881559371948,13.189051628112793,0.6235434114933014
犯错误,0.4555475115776062,12.865727126598358,0.48880535364151
拔掉,0.5823408365249634,24.211693823337555,0.5188037753105164
军事基地,0.4565541744232178,11.255505979061127,0.49814462661743164
人民共和国,0.6584644913673401,17.22117653489113,0.7739173769950867
岂,0.43099045753479004,12.099684417247772,0.4958993196487427
民主改革,0.6111909747123718,17.51700273156166,0.7956568449735641
正要,0.669573187828064,27.012499123811722,0.49868088960647583
不用说,0.8079102784395218,24.605024710297585,0.6781025230884552
刊载,0.5209190249443054,11.536582469940186,0.5930306911468506
势力范围,0.5411984622478485,17.077602058649063,0.6090444326400757
在座,0.5543891787528992,9.618303030729294,0.8557886183261871
变本加厉,0.6461141407489777,22.71502748131752,0.6451081335544586
响声,0.6379651725292206,13.85118567943573,0.3570502996444702
下过,0.6914548277854919,22.808878988027573,0.7450919449329376
公共汽车,0.53226238489151,8.941733717918396,0.23749011754989624
难受,0.8061647415161133,15.480716168880463,0.320751428604126
刊物,0.35881972312927246,9.828836441040039,0.45620155334472656
迫害,0.30471712350845337,6.676451206207275,0.412750780582428
怎能,0.6661295592784882,25.205336064100266,0.6663795411586761
奉命,0.5543122589588165,15.451746255159378,0.52850341796875
几句话,0.568576455116272,23.824044585227966,0.43620848655700684
驱使,0.5855216979980469,20.018052726984024,0.7724026441574097
已能,0.7503620982170105,26.887335777282715,0.6703043878078461
罪名,0.4580897092819214,8.520661532878876,0.3504880666732788
一两,0.6440577208995819,24.641289472579956,0.2996097207069397
庆贺,0.527421772480011,17.332626700401306,0.441705584526062
无论如何,0.6675268709659576,26.15037515759468,0.5233045816421509
三十二,0.7049473226070404,21.793117105960846,0.8444762676954269
算盘,0.7114386856555939,29.144766747951508,0.8282316327095032
裤子,0.27105534076690674,9.708137214183807,0.2661399841308594
就行了,0.7204552590847015,21.99737161397934,0.6862424314022064
十分钟,0.6348890066146851,22.66710090637207,0.5736163854598999
高呼,0.5930582582950592,10.716535419225693,0.2082187533378601
盟国,0.43442726135253906,13.131768584251404,0.7064774632453918
反动派,0.269899845123291,6.656415820121765,0.48026251792907715
三十日,0.5937596261501312,9.728474467992783,0.8775138556957245
淮北,0.635423868894577,18.857224017381668,0.4502803683280945
宣传队,0.4982917904853821,16.945102274417877,0.292665958404541
电车,0.5490686893463135,16.40178582072258,0.4356793165206909
罪恶,0.41863834857940674,11.41842520236969,0.5166693925857544
掌,0.8039636760950089,31.18209882080555,0.6479000747203827
十月革命,0.301832377910614,10.558234333992004,0.6176699697971344
饭后,0.6602129638195038,25.274958938360214,0.38179510831832886
老农,0.776003047823906,20.01930384337902,0.9768308605998755
匆忙,0.8067604452371597,32.3175261169672,0.7772343754768372
声势,0.44618815183639526,17.74420464038849,0.9019011706113815
五日,0.8864652290940285,11.622327037155628,0.7603737860918045
运输工具,0.6906085312366486,23.327961057424545,0.5713163912296295
脑筋,0.8526429086923599,24.919273123145103,0.5119130611419678
一二,0.8265445232391357,18.770462185144424,0.5970683991909027
逼迫,0.7282603085041046,33.71161022782326,0.5880725085735321
六十,0.7932856529951096,16.242990866303444,0.4042860269546509
稀,0.7392511963844299,28.109658122062683,0.47648191452026367
好榜样,0.7259502708911896,29.636653661727905,0.5300956964492798
压低,0.5802898705005646,19.63863256573677,0.36960870027542114
自始至终,0.9649028480052948,26.935521841049194,0.6975586116313934
乘机,0.7210752367973328,17.067846953868866,0.8645627647638321
惊醒,0.5725364685058594,15.346431702375412,0.3986815810203552
十天,0.3883545994758606,12.790489315986633,0.5726735293865204
伸,0.6392182111740112,21.36090514063835,0.514919251203537
皮鞋,0.3972359895706177,10.146561443805695,0.2698628902435303
全盘,0.7696294039487839,33.28597800433636,0.762808233499527
寄来,0.44602060317993164,13.334574043750763,0.5417054295539856
逃脱,0.5248343050479889,13.793890208005905,0.5005193650722504
丢下,0.6331449747085571,25.264997512102127,0.4817845821380615
半截,0.7124248445034027,27.42804628610611,0.4354652762413025
不许,0.4943799376487732,15.96664184331894,0.5817726254463196
感想,0.7673294395208359,20.584037587046623,0.49717968702316284
抄,0.6945763230323792,23.138179510831833,0.5473267436027527
十五年,0.75238436460495,26.842227578163147,0.7536328285932541
土地改革,0.640046089887619,21.18223476409912,0.8205358982086182
不以,0.846523642539978,24.141991943120956,0.6237929463386536
送回,0.7190105617046356,29.700495332479477,0.5777275562286377
肆无忌惮,0.6410974264144897,22.75544184446335,0.6171588599681854
偏偏,0.6988885998725891,32.1094206571579,0.6150513887405396
木料,0.3892171382904053,12.87687736749649,0.3061205744743347
落空,0.63059401512146,27.231823980808258,0.6547263264656067
海防,0.7555382251739502,19.121026307344437,0.5456743240356445
参加者,0.7354375720024109,31.175419509410858,0.7558497488498688
填平,0.6307869553565979,17.912288933992386,0.7436239421367645
几千,0.7999952733516693,26.879860430955887,0.7944469153881073
搏斗,0.4018860459327698,8.466684520244598,0.38799363374710083
趁机,0.5880767703056335,22.65118244290352,0.6555340588092804
迷信,0.5604115724563599,12.374419838190079,0.6734646856784821
战果,0.615432620048523,16.294392377138138,0.668326199054718
工党,0.5448022186756134,9.677795052528381,0.4813993573188782
我以,1.0519539415836334,35.53677189350128,0.8857695981860161
机关报,0.29268789291381836,7.800737082958221,0.6395203769207001
炸药,0.37762582302093506,9.857717156410217,0.253171443939209
增加一倍,0.6841409802436829,19.475448697805405,0.49834585189819336
捏造,0.3436627984046936,11.776740074157715,0.37940680980682373
困苦,0.4590102434158325,18.425539016723633,0.4110187292098999
大石头,0.45698821544647217,20.244659066200256,0.4163224697113037
熊熊,0.6381115615367889,9.917176455259323,0.2859618663787842
不向,0.8375108540058136,32.030851513147354,0.6831302642822266
世界大战,0.6884932219982147,16.03708642721176,0.5508732199668884
人向,0.8844383284449577,49.5026780590415,0.8077939003705978
倾,0.8657478988170624,13.461687058210373,0.8221875578165054
流血,0.4014135003089905,15.141027450561523,0.4500797986984253
争取和平,0.8410316109657288,17.376943737268448,0.7283999919891357
不动,0.7110579609870911,21.23753073811531,0.5354103446006775
结局,0.6905166804790497,20.38720777630806,0.5347077548503876
新来,0.7458835542201996,37.89895924925804,0.5469641387462616
两县,0.5738546252250671,19.29775932431221,0.3399195671081543
五天,0.6028443574905396,16.02151510119438,0.6318625211715698
英明,0.650544673204422,16.394608855247498,0.510319709777832
凶猛,0.8067044019699097,25.220829755067825,0.7079847157001495
新闻界,0.5861605703830719,15.113708317279816,0.4311216473579407
几百个,0.8495541363954544,40.808705255389214,0.4967232942581177
运走,0.6537465453147888,25.410307437181473,0.4771729111671448
下手,0.792855829000473,36.82643014192581,0.47816991806030273
地步,0.5991562902927399,12.748983055353165,0.5204846858978271
运回,0.6737330257892609,24.737001836299896,0.5317605435848236
里边,0.6974093616008759,24.344114065170288,0.4829259514808655
看成,0.6561760008335114,18.07384678721428,0.7694349437952042
同情,0.4438113570213318,8.348757326602936,0.4898732304573059
拿不出,0.7231242656707764,25.299939006567,0.7375770211219788
让步,0.5365946590900421,10.530920892953873,0.8131217658519745
不快,0.7260560989379883,25.84257072210312,0.7021254599094391
海军陆战队,0.4671804904937744,15.09192168712616,0.5652137398719788
大将,0.70076984167099,19.41208329796791,0.9795262757688761
围困,0.6019824743270874,20.523394256830215,0.5610395073890686
重工业,0.4767087697982788,14.703756928443909,0.631432443857193
毛病,0.3393319845199585,12.4343820810318,0.7201242744922638
祸害,0.5984293818473816,27.206611543893814,0.5061573088169098
顾不得,0.4739993214607239,17.865674197673798,0.5236213505268097
冲进,0.7516479045152664,30.538958743214607,0.4356492757797241
无济于事,0.7073123455047607,34.20301976799965,0.6377362012863159
人头,0.7522745132446289,32.01775771379471,0.5713314712047577
推上,0.6450638473033905,26.97483390569687,0.7301554083824158
七天,0.5550459623336792,18.050443708896637,0.5893920958042145
雇佣,0.8198401629924774,26.986085206270218,0.7452881336212158
焦炭,0.5783040225505829,13.670376777648926,0.8432911187410355
怎能不,0.6334434151649475,24.922759383916855,0.44508469104766846
吃掉,0.6600841581821442,21.85824003815651,0.5553668737411499
机智,0.6642524898052216,14.839204281568527,0.7348010540008545
赶快,0.521848201751709,17.237157583236694,0.42160773277282715
健壮,0.7074078917503357,16.652321994304657,0.3602272868156433
灭亡,0.5530393123626709,16.54000762104988,0.6283115446567535
投下,0.7046259641647339,23.679621040821075,0.7804206162691116
让给,0.5960777103900909,20.134755194187164,0.566075474023819
二三,0.7374298572540283,30.409029811620712,0.7837766259908676
当过,0.7930466383695602,30.10532109439373,0.49181556701660156
专制,0.5203584730625153,14.021027773618698,0.5134705305099487
民工,0.6988781094551086,17.20536169409752,0.7394674122333527
战地,0.7552113980054855,28.13693232834339,0.4275338053703308
立即行动,0.7482634782791138,18.03227347135544,0.460449755191803
炮火,0.40182751417160034,10.042699038982391,0.42463117837905884
抱住,0.5331062376499176,13.760102957487106,0.2135939598083496
开个,0.5950257778167725,27.605151295661926,0.45400941371917725
词句,0.6280772387981415,26.118395566940308,0.5906157195568085
上边,0.9668727889657021,25.427278198301792,0.5279978513717651
喊道,0.34831923246383667,14.337297141551971,0.24595284461975098
传单,0.6633380949497223,20.069027096033096,0.6841992139816284
千百万,0.5428500771522522,16.521756768226624,0.5071272850036621
枪声,0.4811398386955261,11.390592098236084,0.3278844356536865
不分,0.7031335234642029,32.07851165533066,0.6496476531028748
一见,0.7507402002811432,26.609787225723267,0.6130504310131073
惊奇,0.440248966217041,14.026023030281067,0.5471467971801758
扫清,0.5006585419178009,17.519072264432907,0.6665026843547821
归于,0.8379082083702087,27.11851280927658,0.7769449800252914
地要,0.7903140187263489,24.676800936460495,0.6151474416255951
教条主义,0.4710398316383362,11.140677988529205,0.6261257827281952
解放区,0.592911571264267,13.93738478422165,0.8962642028927803
架飞机,0.40954113006591797,14.10807353258133,0.4131315350532532
闯进,0.7515126764774323,24.32490685582161,0.7817745953798294
老太太,0.6510312855243683,14.254747837781906,0.49051398038864136
怪,0.6077883541584015,20.94686409831047,0.7026881873607635
无非,0.5225533843040466,22.807426780462265,0.7627367675304413
在群众中,0.5687195360660553,15.444285154342651,0.5640994608402252
领空,0.38503122329711914,9.73421025276184,0.4664553999900818
发抖,0.431479811668396,13.903241038322449,0.2997135519981384
拾,0.7376498878002167,18.83381298184395,0.5779443383216858
誓,0.6755639016628265,30.60165563225746,0.48513585329055786
残忍,0.43274927139282227,16.351011753082275,0.4811713695526123
盘踞,0.7579643130302429,24.61081874370575,0.8266191929578781
投降,0.3062506914138794,11.574754357337952,0.31120818853378296
推到,0.7597572356462479,37.722307965159416,0.7123418748378754
出兵,0.5255669951438904,20.044979333877563,0.7961879968643188
震,0.7452066242694855,35.428750872612,0.7707519382238388
筑成,0.542437344789505,18.81474396586418,0.38428908586502075
六位,0.8018822222948074,39.0445466786623,1.1534877568483353
发觉,0.6264463663101196,27.552350640296936,0.5753788948059082
拦住,0.5566889047622681,21.112923711538315,0.6040332615375519
争着,0.6726200580596924,25.519857347011566,0.43484383821487427
殖民地,0.5476003587245941,10.618801444768906,0.5059104561805725
恐吓,0.3686561584472656,17.103743076324463,0.35186582803726196
民族英雄,0.724981278181076,21.273321866989136,0.8022705763578415
塌,0.5745996832847595,22.18228641152382,0.31462562084198
手榴弹,0.30571526288986206,7.916727125644684,0.35387200117111206
分不清,0.6844548583030701,30.673608034849167,0.6619067788124084
侨民,0.6379341185092926,22.864108502864838,0.6362416744232178
毒,0.6907787024974823,20.919732689857483,0.6972303092479706
郭沫若,0.29842597246170044,8.600745022296906,0.39476048946380615
文化界,0.6636152863502502,14.347797006368637,0.42377835512161255
屈服,0.44737708568573,13.146945416927338,0.4741266965866089
照常,0.7134262919425964,30.416016221046448,0.45056116580963135
四起,0.5901484489440918,20.419667154550552,0.4717749357223511
以示,0.8097729384899139,25.39259824156761,0.3415515422821045
一五,0.748595118522644,21.149355560541153,0.8262025713920593
怂恿,0.664282888174057,25.92355328798294,0.7868711650371552
北面,0.49936962127685547,18.72045338153839,0.5412114858627319
人去,0.8528176695108414,35.267615243792534,0.5484012961387634
背叛,0.5275858342647552,17.986587554216385,0.44325006008148193
压抑,0.6060793101787567,20.09662976861,0.5994465947151184
腐朽,0.4473446011543274,10.408191919326782,0.36859142780303955
看不出,0.9826328344643116,33.033393029123545,0.5552865564823151
灾,0.64622563123703,28.495251178741455,0.5525079965591431
历年来,0.8407179117202759,37.894783824682236,0.9910500682890415
萧条,0.48361748456954956,17.49189430475235,0.5876984596252441
步兵,0.33014267683029175,9.897422432899475,0.31356555223464966
互相帮助,0.421611487865448,11.454759120941162,0.3825176954269409
断言,0.7177233397960663,31.323308914899826,0.6235032081604004
特等,0.8191074132919312,20.904580861330032,0.8321127891540527
外边,0.6805359125137329,26.17100277543068,0.4930843710899353
昌,0.7403119504451752,26.284860521554947,0.4790281057357788
总有一天,0.7785595208406448,29.896345362067223,0.7661289423704147
博得,0.7570764124393463,10.663654118776321,0.5531463027000427
痛快,0.5648603141307831,21.351059436798096,0.45465797185897827
活生生,0.734437882900238,15.922034412622452,0.5382367372512817
和尚,0.8163413256406784,28.014298543334007,0.6993041634559631
加倍,0.7678514122962952,31.011393949389458,0.8023204654455185
真有,0.8211720883846283,31.53532113134861,0.7182494699954987
体贴,0.6662876904010773,19.79038867354393,0.6015246510505676
窒息,0.7718033939599991,25.527007430791855,0.6127057373523712
敌对,0.64391228556633,20.48640301823616,0.7215834856033325
挑水,0.3331655263900757,12.323966383934021,0.5173168182373047
小册子,0.48058485984802246,15.953979671001434,0.5549212098121643
全副武装,0.5321968197822571,20.51596909761429,0.4550930857658386
打成,0.5444975197315216,20.480691522359848,0.5382234454154968
七次,0.6670916974544525,29.118795454502106,0.9011498987674713
数百人,0.6265887916088104,26.811228841543198,0.7163680791854858
邮电,0.6917828023433685,19.040294021368027,0.7541773021221161
互相学习,0.5155578255653381,11.834730803966522,0.589002400636673
压在,0.37716126441955566,15.919909417629242,0.4734475016593933
无可,0.5860455632209778,25.44521352648735,0.7435750365257263
攻势,0.5131067633628845,10.808386623859406,0.5270496010780334
赶不上,0.6830700635910034,27.585338354110718,0.7284925878047943
南面,0.5554087162017822,18.71194702386856,0.5048161149024963
毁灭,0.5097484290599823,17.740562468767166,0.5810145735740662
中曾,0.7848975360393524,30.13649994134903,0.7469634711742401
将领,0.7260385155677795,14.4391770362854,0.4176962971687317
急得,0.5090758204460144,15.52551418542862,0.4100477695465088
逃跑,0.5005453824996948,14.034795880317688,0.4542636275291443
受不了,0.549863338470459,24.503993541002274,0.7156411409378052
脱险,0.6675957143306732,21.74454516172409,0.5019057393074036
流血牺牲,0.3990737795829773,14.314787030220032,0.37888413667678833
有把握,0.9300969019532204,30.83426270633936,0.5787097811698914
放出,0.6654025018215179,25.099501878023148,0.7730006575584412
坏事,0.5194523632526398,11.403198808431625,0.48955368995666504
埋怨,0.4341065287590027,15.938043296337128,0.5391427576541901
示威,0.2585126757621765,7.148466944694519,0.3523538112640381
猛然,0.5522162616252899,21.884255170822144,0.44055622816085815
扫荡,0.46039706468582153,9.098019123077393,0.30656903982162476
一小部分,0.7973070740699768,41.62969473004341,0.5763755738735199
老是,0.5599042177200317,25.310371696949005,0.609177827835083
玩弄,0.6177453100681305,14.400161147117615,0.66270911693573
时事,0.8795514702796936,23.900724172592163,0.5452839434146881
荒谬,0.5356572866439819,16.532193303108215,0.4349468946456909
打死,0.2836545705795288,5.036457180976868,0.5058746635913849
兴高采烈,0.6680377721786499,21.61939924955368,0.6663391888141632
罢工,0.7208173274993896,9.96773225069046,0.6024909615516663
辱骂,0.6035691499710083,21.815563023090363,0.3865662217140198
八十,0.7440118491649628,16.393352568149567,0.6239300072193146
舰队,0.42578619718551636,8.917810440063477,0.4657745361328125
打碎,0.6425507068634033,25.385129570961,0.49138957262039185
五十年,0.7884496003389359,27.273698449134827,0.6518643200397491
新闻社,0.6857828199863434,16.163793832063675,0.5693556666374207
食盐,0.3980962634086609,15.59888207912445,0.35386234521865845
下令,0.5901385247707367,15.021077007055283,0.7431325614452362
营房,0.6733523011207581,16.644979774951935,0.5930637717247009
养猪,0.4383806586265564,7.966144442558289,0.5078630149364471
十二个,0.8983442410826683,26.753713846206665,0.8000545799732208
出工,0.6620171368122101,19.115970700979233,0.7175121605396271
愈来愈,0.6922462582588196,22.89937686920166,0.6654410660266876
心爱,0.7076896727085114,23.182477205991745,0.6306792497634888
大喊,0.488078773021698,16.95748609304428,0.3581134080886841
两万,0.5955091118812561,26.06555086374283,0.5399806499481201
星期六,0.7238219082355499,19.89276683330536,0.6178189218044281
几百万,0.7009787559509277,28.991529285907745,0.6897405982017517
睁,0.4209256172180176,11.98081773519516,0.2509823441505432
超额,0.5955672562122345,15.465869784355164,0.7320572733879089
紧靠,0.7062172889709473,26.444119334220886,0.6455547511577606
击落,0.3379001021385193,8.362797200679779,0.36162447929382324
白天黑夜,0.6795316934585571,23.56414693593979,0.38291728496551514
年老,0.7457733154296875,25.45877355337143,0.6674304306507111
派来,0.6870345175266266,28.777739584445953,0.6245254576206207
时所,0.8962854370474815,38.40502167493105,0.7078192234039307
炮,0.6751910150051117,22.543672680854797,0.8163751363754272
暗淡,0.6704619228839874,24.405941545963287,0.7071450054645538
调换,0.7793045490980148,33.01698090136051,0.6758357286453247
借给,0.6556369662284851,24.015925347805023,0.4817797541618347
伤病员,0.5724212527275085,20.26445183157921,0.47360658645629883
自卫,0.5166493058204651,17.782457888126373,0.6779405176639557
吓倒,0.43474918603897095,16.574187695980072,0.42915743589401245
说来,0.6698426902294159,25.555849581956863,0.9732533972710371
英雄主义,0.4870716333389282,18.12392246723175,0.7651093900203705
讨价还价,0.6964946389198303,28.227322101593018,0.6666806042194366
绝对优势,0.8512288480997086,19.678233101963997,0.594513475894928
子弟,0.6334052681922913,19.179995507001877,0.6024706363677979
百般,0.6139138638973236,23.863385885953903,0.7786765396595001
五位,0.7198078334331512,32.995354890823364,0.7354313731193542
妈,0.45875388383865356,16.227822959423065,0.47227710485458374
两眼,0.5377554893493652,14.175097167491913,0.4685421586036682
数目,0.6491425037384033,19.134913444519043,0.5700294375419617
铁丝网,0.6238178908824921,16.330128461122513,0.38850146532058716
陷于,0.3242132067680359,8.11262857913971,0.48305225372314453
法西斯,0.4090220332145691,8.288499474525452,0.6237078011035919
苦头,0.469215452671051,12.297762095928192,0.5564471185207367
合乎,0.5479111075401306,16.462848156690598,0.6229616105556488
手下,0.8238412886857986,34.50524874031544,0.9127154722809792
狼,0.46141302585601807,17.365530967712402,0.5636232793331146
十多个,0.7051252126693726,24.469668835401535,0.6510466039180756
轰炸机,0.33047735691070557,9.062760412693024,0.3229753375053406
贵国,0.5277722477912903,14.709774672985077,0.6300603151321411
极好,0.8850230723619461,32.11982972919941,0.7515543103218079
弱点,0.601515531539917,15.352904975414276,0.4237172603607178
史密斯,0.7039669156074524,22.76687443256378,0.6630043387413025
扶植,0.6289628744125366,19.5583416223526,0.8418014943599701
圈子,0.5807651281356812,24.045923858880997,0.45058590173721313
反正,0.7363860607147217,19.577940821647644,0.5807839930057526
相互间,0.6224289238452911,24.310214698314667,0.8413549959659576
几十里,0.4502179026603699,13.098923563957214,0.4904082417488098
脸色,0.4985578656196594,16.25388365983963,0.4406735301017761
联合政府,0.7105945944786072,18.50287726521492,0.32152122259140015
容许,0.5335581302642822,14.096240550279617,0.5155451893806458
出卖,0.7902557104825974,16.48462988436222,0.6084026396274567
显出,0.643987774848938,19.921684354543686,0.5474413931369781
混入,0.6868280172348022,28.736069202423096,0.7524407505989075
收下,0.7039156854152679,23.38354453444481,0.5689666569232941
涌进,0.8136482834815979,30.396702826023102,0.705898106098175
十二年,0.685996949672699,33.617811381816864,0.6754263043403625
星期日,0.5059710741043091,16.324571132659912,0.6026902496814728
二分,0.8477167338132858,24.616054192185402,0.6575816571712494
驴,0.46908658742904663,14.942134320735931,0.3788408041000366
前任,0.7554734349250793,24.572638615965843,0.8053723722696304
瓦解,0.6543659567832947,19.798549085855484,0.5423073470592499
空虚,0.7221008539199829,25.238489985466003,0.7965860664844513
杀死,0.6573946475982666,17.759192258119583,0.5715854465961456
镇定,0.7666146904230118,25.48342253267765,0.46803969144821167
纺织厂,0.7015324532985687,18.588015168905258,0.6268492341041565
野心,0.5549298822879791,18.139144271612167,0.4961705207824707
用处,0.8023948818445206,30.77954550087452,0.6217361986637115
调往,0.964258473366499,35.825310822576284,0.8072919398546219
集中地,0.8590078055858612,31.717689886689186,0.6161246299743652
悄悄地,0.4999465346336365,21.50392657518387,0.44224274158477783
在生活上,0.657416433095932,25.99933835864067,0.5370519757270813
总得,0.6719852387905121,30.226603657007217,0.460871160030365
质问,0.7806049287319183,30.592750251293182,0.7633827328681946
胸膛,0.566246747970581,16.516972839832306,0.32895565032958984
不服气,0.6345823109149933,31.666282951831818,0.667507529258728
退却,0.6117333173751831,26.624033838510513,0.5898343026638031
猛虎,0.811609223484993,25.14772792160511,0.5359770655632019
念书,0.4451432228088379,17.02799302339554,0.5192606151103973
副业,0.5127349197864532,15.381837218999863,0.5246451497077942
布拉格,0.8428695648908615,24.181718543171883,0.6583290100097656
受人,0.8040031790733337,24.937097907066345,0.6555353701114655
恨,0.48777127265930176,15.967283010482788,0.6641627252101898
卫生员,0.6371001601219177,24.198114544153214,0.596659243106842
设法,0.8316116183996201,21.594154939055443,0.8883671313524246
扣留,0.6216757297515869,23.004164844751358,0.454959511756897
各派,0.6723293960094452,19.929595410823822,0.6290371716022491
四名,0.6612906754016876,13.891750395298004,0.7847074568271637
有病,0.5011633932590485,14.216857463121414,0.6418254673480988
私有,0.5776000320911407,21.97559666633606,0.6024660468101501
可怜,0.6250995993614197,19.928982973098755,0.6071307957172394
继续下去,0.6113734841346741,21.38973706960678,0.524843692779541
险恶,0.5561069250106812,18.91036233305931,0.7673309296369553
枪杀,0.580904483795166,16.11922088265419,0.5397345125675201
天灾,0.5928066968917847,24.18903338909149,0.5652967393398285
惨遭,0.5097801089286804,17.686637580394745,0.27133017778396606
赶走,0.7887313067913055,25.874840825796127,0.5555512607097626
军警,0.47416049242019653,14.122012913227081,0.3827073574066162
追捕,0.681181788444519,20.661478340625763,0.7272432744503021
我党,0.7271735370159149,20.390285402536392,0.7692361325025558
滋长,0.6257967948913574,12.736039400100708,0.6103122532367706
严冬,0.5059721767902374,15.233319908380508,0.6041064858436584
愚蠢,0.5606600940227509,21.615766286849976,0.6374112367630005
小姐,0.6747814118862152,23.882000237703323,0.7511643916368484
负伤,0.43252307176589966,12.219641327857971,0.45651036500930786
进行谈判,0.7706052213907242,22.58125478029251,0.6410203278064728
白白,0.5394012928009033,22.994138032197952,0.6587382256984711
纵队,0.7560238391160965,13.089577928185463,0.2976321578025818
统治者,0.5247741341590881,11.298264801502228,0.6489867866039276
无知,0.732684850692749,21.51622039079666,0.42368990182876587
两万多,0.6440434753894806,27.8332659304142,0.6886166334152222
破坏活动,0.4773257374763489,10.249919176101685,0.4597190022468567
凶手,0.529886782169342,14.075455665588379,0.4097152352333069
提出批评,0.7977821677923203,25.45572428405285,0.7330077290534973
惭愧,0.5112199485301971,16.60557785630226,0.2524232864379883
指使,0.42685872316360474,15.208182454109192,0.44899189472198486
断绝,0.6200020015239716,22.83575004339218,0.7517184913158417
缘故,0.79913330078125,39.05874943733215,0.8578125536441803
争得,0.6937621831893921,24.55151990056038,0.7984370738267899
十五日,0.5191493630409241,8.924829632043839,0.886641763150692
八小时,0.5465079545974731,19.79620835185051,0.6023719310760498
短短的,0.5693728923797607,12.28234350681305,0.7370216250419617
炸毁,0.652971088886261,13.666302561759949,0.5495715439319611
一千,0.7155030369758606,14.654688328504562,0.7315404415130615
勇猛,0.507905900478363,16.441633760929108,0.5335299670696259
严加,0.7802212089300156,28.554316744208336,0.5470629334449768
来个,0.7365900576114655,39.36974507570267,0.8153927624225616
难于,0.7186830639839172,30.126937359571457,0.778843030333519
更为严重,0.7253555357456207,32.53220424056053,0.7148944139480591
一大堆,0.5627577006816864,23.9212267100811,0.5637470483779907
火柴,0.45640093088150024,16.1249121427536,0.6521816551685333
救活,0.7612469047307968,27.58277164399624,0.7649402469396591
字眼,0.7763449251651764,31.374680429697037,0.6424863636493683
紧急会议,0.5079152584075928,10.990116357803345,0.3662521243095398
统统,0.6679085791110992,26.85833963751793,0.6824871897697449
耕牛,0.7393620908260345,18.951833248138428,0.6282326877117157
俘虏,0.5974500477313995,17.406203389167786,0.6805450022220612
烧掉,0.6859564185142517,24.22382864356041,0.5805562734603882
下场,0.6094080805778503,21.950607150793076,0.8554376661777496
编者,0.9513248056173325,22.642592065036297,0.42932265996932983
炮兵,0.4865909814834595,8.847385823726654,0.4484059810638428
埋葬,0.6961784660816193,21.459070920944214,0.5376397371292114
武装部队,0.6220185160636902,12.249830514192581,0.4523468613624573
拒绝接受,0.7740917950868607,35.4843385219574,0.7173158526420593
一想,0.5728037655353546,24.300779938697815,0.4360840320587158
成天,0.5343719720840454,21.198722779750824,0.5784482359886169
钟头,0.5298919975757599,12.675709754228592,0.3765770196914673
民族利益,0.606132984161377,16.3428413271904,0.3111448287963867
老大爷,0.5646477043628693,18.01546409726143,0.3840029835700989
一概,0.5598093271255493,22.16535073518753,0.5972234010696411
完全一致,0.6323961019515991,25.079917907714844,0.5707226097583771
死去,0.6709969639778137,19.22669404745102,0.6153514683246613
撤退,0.5422503650188446,18.714172184467316,0.8009981364011765
撤走,0.7079442143440247,19.561181098222733,0.43010085821151733
暴风雨,0.6627653241157532,18.541611403226852,0.6832818984985352
军事装备,1.0542138889431953,28.25195664167404,0.7390793263912201
个别人,0.7128457427024841,28.92479345202446,0.5434105694293976
再也不能,0.9408090859651566,32.26480197906494,0.7364440262317657
造纸厂,0.7403725981712341,17.05628192424774,0.6529800295829773
穷苦,0.7674092948436737,28.615380465984344,0.7998148947954178
经济援助,0.5968164801597595,19.632988780736923,0.7935106605291367
反驳,0.8295870870351791,28.51052860915661,0.4849153161048889
占优势,0.7130395174026489,28.19487339258194,0.8169155269861221
呆,0.547507107257843,16.413268834352493,0.4256557822227478
皇帝,0.5546347498893738,11.97236767411232,0.5907200872898102
主义者,0.6457177996635437,21.24597316980362,0.504972904920578
登载,0.6765677332878113,16.256687432527542,0.8099723309278488
缺粮,0.8362923115491867,20.963669642806053,0.6044694483280182
大公无私,0.650666743516922,18.845399796962738,0.40760868787765503
头目,0.7726046741008759,19.090878754854202,0.6115762889385223
毫无根据,0.5881082117557526,20.587202101945877,0.5019579827785492
太少,0.7143582403659821,31.2366980612278,0.4453505277633667
